54.0,19.0,85,92
52.25490951538086,21.54602813720703,87.09089,86.52309
53.4578971862793,22.20052719116211,86.01362,86.53687
53.31490707397461,20.177669525146484,85.73737,87.80323
53.377559661865234,20.544933319091797,85.6385,86.74137
54.93870544433594,22.46186065673828,84.22601,84.57811
55.38767623901367,22.973934173583984,83.07438,83.96784
55.730674743652344,22.682422637939453,83.37135,84.10015
56.28415298461914,22.310710906982422,83.42263,83.75355
56.63526153564453,22.276573181152344,82.29787,83.72777
57.35887145996094,22.70797348022461,81.148926,83.39741
58.62971496582031,22.408870697021484,80.64154,82.60996
58.73649597167969,22.17455291748047,80.24832,82.78316
60.234127044677734,23.03293228149414,78.5218,82.15624
60.812320709228516,23.685405731201172,78.08425,81.17484
62.03494644165039,24.904014587402344,76.81927,80.6349
62.16359329223633,24.814247131347656,77.2965,79.80623
62.64019775390625,24.435672760009766,76.02954,78.81872
63.108123779296875,25.56911849975586,75.667755,78.413246
63.47437286376953,26.048927307128906,75.26863,76.74849
64.30865478515625,27.113994598388672,74.73279,76.459236
64.78246688842773,27.482868194580078,73.88105,76.472496
64.79669189453125,26.54934310913086,73.822815,75.71821
64.97306823730469,27.116161346435547,74.269196,76.39515
64.8728141784668,27.11394500732422,73.36964,75.3499
65.9467658996582,28.711620330810547,72.42794,73.46311
65.85330200195312,28.20785140991211,71.54266,74.64286
66.16836547851562,28.51642608642578,70.9227,72.82228
66.75149154663086,30.09825897216797,70.74116,71.88014
66.50102233886719,29.477638244628906,70.39392,72.08244
66.45853042602539,29.966796875,70.466606,71.20035
67.17156219482422,31.24618148803711,69.90935,69.987404
66.80397415161133,31.340930938720703,69.32546,70.79949
67.51855087280273,31.620914459228516,69.20286,70.41317
67.18452835083008,32.768585205078125,68.342094,70.41858
67.71824645996094,33.55810546875,67.92587,69.01349
68.42973709106445,33.31221008300781,67.531425,68.083466
67.60239791870117,33.914485931396484,67.29966,69.29902
68.28987884521484,34.80235290527344,66.35802,67.33261
68.56551361083984,35.38946533203125,66.200424,67.598114
68.75107192993164,35.443389892578125,65.751854,66.65753
67.83797836303711,36.167320251464844,65.63035,66.931015
68.14385223388672,36.683834075927734,65.84163,66.167
68.60144805908203,37.69445037841797,64.88039,64.89021
67.56544876098633,37.197471618652344,65.24972,65.76216
68.39913940429688,38.474586486816406,64.69101,65.12065
68.55129623413086,38.03423309326172,64.614876,64.75575
67.50044631958008,39.740726470947266,64.24944,64.41311
68.10210418701172,40.07666206359863,63.73723,63.035397
67.98297691345215,40.59100341796875,63.95496,63.16501
66.99784469604492,41.27249717712402,64.19051,62.527363
66.53137016296387,41.66263198852539,63.68189,61.744667
66.50137710571289,40.94487953186035,64.060814,62.61009
66.49691963195801,42.57390022277832,63.140453,60.988842
65.86546897888184,42.660240173339844,63.409748,61.38896
65.71346092224121,41.72856330871582,63.598484,62.24423
65.11748504638672,43.23725891113281,63.670563,61.22223
65.18217277526855,44.264488220214844,63.520237,59.779938
64.74335861206055,44.64042282104492,63.260277,59.407143
64.61980438232422,44.39078330993652,62.333893,59.6086
64.10662078857422,44.969552993774414,62.683197,58.3408
65.02976036071777,45.21550941467285,61.494755,58.887035
64.20876693725586,44.65929985046387,61.52767,58.43323
63.224687576293945,45.84299850463867,63.342525,59.75782
62.67259979248047,45.9985466003418,61.78331,58.104774
62.910247802734375,45.61525344848633,61.752182,58.505486
64.1136245727539,46.40412712097168,60.11383,57.518955
62.45547294616699,46.38015365600586,61.078663,58.38764
63.56305122375488,47.00501251220703,59.23184,56.77359
61.74618148803711,47.873159408569336,61.102654,58.311115
61.15962600708008,47.49825096130371,61.22657,57.215107
60.05498504638672,47.85428428649902,61.41664,56.412724
60.69334411621094,48.25577735900879,60.46428,55.542736
60.20964241027832,48.50006866455078,60.03169,56.745422
59.063232421875,49.13454818725586,60.74971,55.579506
60.73380470275879,49.09013748168945,59.092007,55.515938
59.19331932067871,49.46491622924805,59.32236,56.748604
59.1273250579834,49.103939056396484,59.461094,55.43592
58.68174934387207,49.7996768951416,60.068737,55.471676
57.90691375732422,49.83737754821777,60.335693,54.61304
57.785831451416016,49.38301086425781,58.536446,54.883987
56.27130126953125,49.46694755554199,60.327927,54.686344
56.44808006286621,49.62384605407715,60.165348,54.091785
55.10098457336426,49.730987548828125,60.681286,54.827393
54.322736740112305,50.57792663574219,61.656345,54.245697
53.46708297729492,50.4931755065918,61.52265,54.381355
52.37998580932617,50.790273666381836,62.372627,53.67116
53.39619827270508,50.399776458740234,60.753624,53.57818
52.60160827636719,51.1851863861084,61.538498,53.269993
52.99113082885742,51.58407211303711,59.96734,52.71293
53.08708572387695,51.945512771606445,59.25361,52.414608
53.8387451171875,51.30379295349121,58.442245,52.529896
55.536916732788086,51.89780807495117,55.47759,52.309334
54.07060241699219,51.671037673950195,56.26732,51.59155
52.06853675842285,51.67066955566406,58.162853,52.725174
52.46518516540527,51.49370574951172,57.419315,52.163773
53.227516174316406,52.03370475769043,56.72966,52.16448
54.02337455749512,51.860300064086914,55.604908,51.70007
56.87026023864746,53.04889106750488,52.45722,50.58978
53.10391426086426,53.35744857788086,55.81251,50.14103
54.0152530670166,53.53184127807617,53.43243,48.717155
56.19315147399902,53.62757110595703,51.010624,48.835373
58.481441497802734,53.352020263671875,49.219826,48.389587
56.471723556518555,54.4735164642334,49.414326,48.565067
56.92212104797363,54.592002868652344,48.164288,48.409775
55.09841346740723,54.597347259521484,49.66218,48.480583
59.144094467163086,55.01184844970703,46.02808,46.332993
60.185245513916016,56.31679153442383,44.416298,45.67034
60.61614990234375,56.39725685119629,43.783264,45.67506
59.02120399475098,56.499380111694336,44.056408,46.108326
60.09483337402344,55.871185302734375,43.266144,45.440506
58.26724052429199,55.57975769042969,44.689472,46.255417
57.83768081665039,55.414310455322266,45.306618,46.31832
56.92710494995117,55.58655548095703,45.314888,46.018814
56.91144943237305,55.67030715942383,44.736717,45.533684
55.19232940673828,56.10247611999512,46.357788,46.398792
54.98733901977539,55.877655029296875,45.94729,45.50354
48.11601257324219,55.060129165649414,52.07907,46.57835
50.00370788574219,55.78788757324219,49.733154,45.328247
52.260732650756836,56.418739318847656,47.675983,45.937546
52.95073890686035,55.4012565612793,46.331173,45.579613
51.340232849121094,55.19781303405762,47.52803,46.459522
47.18597984313965,55.51368713378906,51.898106,45.652817
45.75090980529785,55.869815826416016,52.880978,44.641655
52.15387535095215,56.25165939331055,46.382206,44.280098
53.4403190612793,55.72622489929199,44.40284,44.43282
52.73595428466797,56.4218807220459,45.065674,44.33684
52.3213996887207,56.07002258300781,45.220375,43.73645
50.803287506103516,56.53204536437988,46.4775,44.55389
49.74224853515625,55.698638916015625,46.703476,45.128113
50.53086853027344,55.86194038391113,45.259445,44.49023
50.40639305114746,55.82847213745117,45.179768,44.677208
49.08407402038574,55.96462631225586,47.121586,44.732155
51.77705955505371,56.430654525756836,43.597248,43.543568
49.46268653869629,56.43951416015625,45.073254,44.436874
51.230655670166016,56.595680236816406,43.620872,43.8228
51.09883689880371,56.30027770996094,43.06557,42.532623
51.13908004760742,56.92644119262695,42.729927,42.803307
48.59700012207031,56.43020820617676,45.0831,43.655697
45.391008377075195,56.17239761352539,47.95361,44.524117
40.83041191101074,57.21312141418457,52.43561,43.383785
44.652095794677734,57.37525177001953,47.57438,43.14421
43.99354553222656,57.61428451538086,48.471313,43.132378
39.66565132141113,56.67708396911621,52.483868,43.461033
37.64124298095703,56.7709846496582,54.566696,43.64875
36.952341079711914,56.855472564697266,55.007275,43.61094
37.197099685668945,57.195817947387695,54.320583,43.568935
36.509389877319336,57.53487777709961,54.42174,43.25727
36.4598274230957,56.589181900024414,54.625725,43.38345
37.14331245422363,57.21904945373535,53.97613,42.54739
36.4350643157959,57.61645317077637,54.311207,42.561634
36.074302673339844,57.41519546508789,54.37816,42.68194
36.27280235290527,56.66298866271973,54.183582,42.70567
35.28271293640137,56.61548614501953,54.537632,42.78853
36.000112533569336,57.18123245239258,52.949223,42.79734
34.424766540527344,57.24249267578125,54.596405,42.552994
34.05499839782715,56.899518966674805,54.590977,42.42818
33.60309410095215,57.10807228088379,54.90108,42.434917
33.89010047912598,57.86128807067871,53.959316,42.443897
33.889949798583984,57.53907012939453,54.094948,42.579147
34.289825439453125,57.92229080200195,53.759308,42.409767
34.27563667297363,57.8837776184082,53.46446,42.000725
34.45623207092285,57.50167274475098,52.70149,42.204586
36.00759506225586,57.86333084106445,51.438698,41.69802
44.04960823059082,57.95781135559082,42.871136,41.28921
44.152130126953125,57.9420108795166,43.140503,40.840527
42.87255668640137,58.12146759033203,43.782658,41.009583
42.5865478515625,58.3779239654541,43.71518,40.658962
42.221981048583984,58.01535606384277,43.967705,40.684605
39.480058670043945,58.29435729980469,45.804424,40.939453
36.86187934875488,58.467628479003906,48.099133,40.886276
40.45764923095703,58.611183166503906,44.384033,40.659576
42.0215950012207,58.74209403991699,42.22393,39.503284
41.89228057861328,58.931663513183594,42.05754,39.60942
38.53009033203125,58.91314888000488,45.730255,39.9667
32.85715103149414,58.596120834350586,50.845116,41.108967
31.438865661621094,57.79914855957031,51.94072,41.51573
29.90654182434082,57.793792724609375,53.89979,41.62526
29.4633846282959,57.88803291320801,53.646976,41.807095
29.42595672607422,58.22194862365723,53.713364,41.58433
29.861726760864258,58.50691795349121,52.919262,41.504383
29.861738204956055,58.68882751464844,52.552204,41.39363
30.125499725341797,58.36593818664551,51.706123,41.38766
29.304229736328125,58.44074058532715,52.753555,41.521107
28.929391860961914,58.49181365966797,52.503185,41.301422
29.30340576171875,57.91489219665527,51.934845,41.24236
29.290332794189453,57.99389457702637,52.165413,40.736347
30.092731475830078,58.67592430114746,50.947273,40.460575
30.94784927368164,58.835289001464844,49.792976,39.865097
32.35660934448242,59.29712104797363,48.93177,39.693844
31.52859878540039,58.41031074523926,49.708626,39.784603
31.41387939453125,59.32360076904297,49.533203,39.687897
31.01091194152832,59.05037307739258,49.34979,39.20382
30.90005874633789,59.10475158691406,49.859123,38.920853
31.21149444580078,59.2253532409668,49.60315,38.461037
31.225852966308594,59.49753761291504,48.985886,38.766323
31.737428665161133,59.53584861755371,48.53883,38.784748
31.902013778686523,59.14299774169922,47.74735,38.40126
32.03718948364258,59.643218994140625,47.031944,38.305862
31.248123168945312,58.89108467102051,47.29622,38.24954
31.43863296508789,58.496578216552734,47.57116,38.494865
31.497421264648438,58.67299270629883,47.381638,38.677376
31.151981353759766,58.97826957702637,47.290123,38.714497
31.245525360107422,58.87652778625488,47.420586,38.302685
31.2791748046875,58.63193702697754,47.38498,38.24432
30.354148864746094,59.18818664550781,47.85608,38.702698
29.8863468170166,59.15220069885254,47.661068,38.56999
28.962400436401367,59.2976131439209,47.72701,38.910557
29.667146682739258,59.2795295715332,47.42039,38.797737
29.916990280151367,58.64953422546387,47.186863,39.042057
28.999975204467773,59.168460845947266,46.97388,38.85334
29.15960693359375,59.09327507019043,47.160416,38.869602
28.93160057067871,58.270015716552734,47.03635,39.314766
29.554351806640625,58.63375282287598,46.89093,39.11787
29.5709228515625,58.40316963195801,47.046112,38.63473
28.793142318725586,59.08123207092285,46.434467,38.308666
28.900514602661133,58.255401611328125,46.265102,38.385696
28.85866928100586,58.57657051086426,45.890068,38.28297
28.119108200073242,58.451486587524414,46.699375,38.258648
28.92215347290039,58.77019500732422,45.583122,38.877014
29.20416831970215,59.24401092529297,45.242832,38.61789
29.347991943359375,59.18605613708496,45.4133,38.433735
28.361675262451172,59.44605255126953,45.534462,38.133255
29.782075881958008,59.6546688079834,43.779568,37.828922
28.29647445678711,59.864749908447266,45.67283,37.799538
33.225839614868164,59.847761154174805,40.61224,37.677906
36.266448974609375,60.57351112365723,36.692963,36.743114
36.028974533081055,61.120168685913086,36.67821,36.245777
37.781612396240234,61.03709411621094,35.061714,35.711166
36.774179458618164,61.85236740112305,35.985943,35.601997
39.29476547241211,62.044063568115234,33.69558,34.93383
38.86235809326172,62.609153747558594,33.318893,34.352478
38.1127986907959,61.87050437927246,34.31032,35.36112
35.48132514953613,61.12568283081055,36.741314,35.707268
36.70668029785156,60.93409729003906,35.387375,35.66899
36.460899353027344,60.805105209350586,35.965805,35.49648
34.122474670410156,60.45241165161133,38.172714,35.85598
31.23957061767578,60.74765396118164,40.73622,36.7481
31.012969970703125,60.349538803100586,40.549286,36.3026
31.438602447509766,60.16108512878418,40.06414,35.94634
32.33953094482422,60.339834213256836,39.749603,35.938084
32.446611404418945,60.0836238861084,38.764614,35.841908
33.435834884643555,59.94800567626953,38.18149,35.73993
30.65078353881836,60.58180236816406,40.75518,36.15535
32.55861854553223,60.63753890991211,38.335033,35.433647
34.61353302001953,60.677127838134766,36.74962,35.183388
34.542720794677734,60.71780967712402,37.168922,35.329563
32.49327087402344,61.194793701171875,38.859314,35.74141
34.9734992980957,60.50065994262695,36.866615,35.423897
33.44816017150879,61.07114791870117,38.095257,35.87658
35.571115493774414,60.274553298950195,35.194027,35.378323
33.64296913146973,61.285423278808594,37.032345,36.064117
35.253746032714844,61.43145179748535,35.6476,35.465893
34.781517028808594,61.208377838134766,35.74977,35.7362
34.69370651245117,61.42715263366699,35.442726,35.479618
35.210819244384766,60.77482604980469,35.163292,35.635468
36.460567474365234,61.73230743408203,34.319862,35.428513
33.91250801086426,60.84921073913574,36.656384,36.35816
36.166297912597656,61.604413986206055,34.527878,35.321262
31.614673614501953,60.39211845397949,38.822105,36.927845
33.44078826904297,61.49710655212402,36.781876,35.97571
36.1610221862793,61.441240310668945,34.52143,35.322094
33.145185470581055,60.22665596008301,37.30663,36.38937
34.596343994140625,61.140628814697266,36.054016,35.853172
36.45314979553223,60.65827560424805,34.18565,35.19056
35.635759353637695,61.43842124938965,34.46304,35.357304
35.52544403076172,60.15171432495117,35.212082,35.696404
34.59826469421387,61.484901428222656,35.71024,35.410965
36.30900573730469,61.2510929107666,34.302322,35.18223
34.40804100036621,60.240713119506836,36.09873,36.05933
34.34417724609375,61.159122467041016,36.25,35.61579
35.176374435424805,61.54637145996094,34.95859,35.373
32.278480529785156,60.61865425109863,37.64702,35.905865
33.032989501953125,60.91310501098633,36.669403,35.545723
35.37745475769043,60.8625545501709,35.17899,35.06026
34.6192569732666,61.28583526611328,35.52354,35.257996
34.08100700378418,61.350128173828125,35.998035,35.153427
34.9575080871582,60.96499061584473,34.909935,35.08183
34.32403755187988,60.72074890136719,35.29542,35.24887
36.554487228393555,61.11941146850586,33.641895,34.60836
35.96327590942383,61.75995063781738,34.299232,34.80441
35.07551956176758,60.81633949279785,35.16468,35.179836
34.684518814086914,61.356781005859375,35.562313,35.10948
35.59930419921875,61.659000396728516,34.836395,34.572456
34.007545471191406,60.455204010009766,36.431732,35.258217
34.93847465515137,60.73201370239258,35.496433,34.798088
34.325788497924805,60.95548057556152,35.8503,35.4473
35.36406898498535,60.555660247802734,35.007397,35.294304
34.06857681274414,60.84098243713379,35.91288,35.73672
33.73795509338379,60.95237159729004,36.093792,35.44122
35.32180976867676,61.342655181884766,34.2933,35.05033
34.47503852844238,60.49017524719238,35.330944,35.781002
33.7282829284668,61.40664100646973,35.630272,35.596355
31.78870964050293,60.67919731140137,36.975513,36.065098
31.58785629272461,60.51727485656738,37.340324,35.650845
31.325284957885742,60.69454002380371,37.135593,35.4829
30.072065353393555,60.59303092956543,38.889027,35.835728
27.689416885375977,60.246015548706055,41.49052,36.73769
27.12997055053711,59.83258056640625,42.75309,36.844513
27.7929630279541,59.95976257324219,41.817303,36.897247
27.95185089111328,60.06094932556152,42.0316,36.81203
28.348621368408203,60.259660720825195,41.67562,36.516857
28.229087829589844,59.77499961853027,41.125427,36.47759
28.83170509338379,60.06462287902832,40.567425,36.104824
27.9287109375,59.967044830322266,41.32721,36.25042
27.95184898376465,60.19277572631836,41.341038,36.28559
28.20195770263672,60.472774505615234,40.85031,36.427803
28.25175666809082,60.14866828918457,40.34875,36.666897
29.731279373168945,61.07917594909668,39.831646,36.031086
32.33718490600586,60.963661193847656,36.543694,34.886276
31.050636291503906,61.689414978027344,37.391815,34.916443
33.36143112182617,61.97949981689453,34.919548,33.654892
34.119733810424805,62.01909255981445,33.599155,34.099464
31.432771682739258,60.459617614746094,36.962536,35.67398
32.38765525817871,61.65533256530762,35.71471,34.18204
31.241649627685547,62.05531883239746,36.18624,34.642933
33.03367233276367,62.80909538269043,34.324165,32.944416
32.05077362060547,61.6224250793457,35.513443,34.646675
31.39888572692871,61.61180305480957,35.605335,33.873043
33.77512741088867,61.717041015625,33.235832,33.33792
31.809614181518555,61.112449645996094,33.87038,34.71106
33.836124420166016,62.22599411010742,31.634819,33.35038
32.11165237426758,61.98065376281738,32.610466,34.47308
32.959707260131836,61.88470649719238,32.12749,34.32948
30.66819953918457,60.87251281738281,34.30331,35.45317
31.79928207397461,61.80340766906738,33.107597,34.434185
