61.0,32.0,11,35
61.6313853263855,32.170400619506836,10.984391,33.715786
62.612046241760254,32.21555519104004,10.908514,33.69128
63.50790214538574,32.26166915893555,10.322849,33.735733
64.2323865890503,32.12621307373047,10.094416,33.612717
64.93856430053711,32.107547760009766,10,33.982857
65.96301651000977,31.868322372436523,10,34.04157
66.75247955322266,32.24142837524414,10,34.373016
67.49270534515381,31.878679275512695,10.594347,34.72295
67.55014324188232,32.24203681945801,10.336618,33.93075
67.4118070602417,31.932703018188477,11.100306,34.29568
67.35998392105103,32.72884941101074,12.121776,34.55469
67.91015672683716,32.8686466217041,12.864898,34.936115
67.14996671676636,33.50039863586426,13.924508,33.7057
69.62771654129028,33.43552017211914,13.714103,34.281044
70.82671165466309,32.55765724182129,13.359097,34.912167
73.11464595794678,32.1788444519043,12.599283,35.59256
74.2482967376709,31.99612808227539,11.685726,36.741936
75.50934743881226,30.6236572265625,11.368199,38.31517
76.60980319976807,34.27817153930664,12.655226,34.57731
78.35269546508789,35.29533767700195,11.591545,34.600044
77.62454223632812,32.831106185913086,11.660294,37.759678
77.58273601531982,31.565387725830078,11.699366,38.881676
78.15146589279175,31.836820602416992,13.684335,37.881077
77.48506259918213,30.49746322631836,13.531828,39.723778
78.33484029769897,29.31324005126953,14.0551195,41.105736
78.6767807006836,28.7724666595459,13.933723,41.83507
78.79603004455566,29.279855728149414,14.495007,41.213024
80.87694549560547,28.91485023498535,13.773598,41.820354
81.1184515953064,34.431758880615234,14.543981,36.384773
83.44252014160156,37.74764060974121,12.5060425,32.929058
84.34815835952759,36.1013069152832,12.01662,34.15605
85.9318699836731,34.24775695800781,12.35356,35.52266
88.23037958145142,31.446788787841797,11.074122,38.088173
88.88290071487427,37.42995262145996,11.323859,32.701015
89.32403659820557,40.30622673034668,10.79743,30.40038
88.75332641601562,40.20888900756836,14.03009,30.07602
88.80427503585815,39.048871994018555,15.982347,31.066021
89.00580978393555,36.240787506103516,17.380478,34.562912
89.02195262908936,32.39135551452637,17.704142,38.913654
90.89666175842285,28.499845504760742,16.354412,43.484493
90.96284770965576,28.265439987182617,17.04651,44.244907
92.36689281463623,25.242813110351562,16.747934,47.582054
92.20684337615967,24.967527389526367,18.124704,47.32136
92.46185111999512,26.91101837158203,20.632542,45.973198
95.69372463226318,28.349546432495117,22.351763,45.708157
97.81342601776123,29.80695152282715,21.72204,44.40684
98.98453617095947,29.46053695678711,20.436445,45.208786
99.27221775054932,28.211456298828125,20.366056,47.54368
97.21133232116699,25.051313400268555,22.10297,50.522182
96.09165859222412,22.32975196838379,23.241411,52.4549
97.0755729675293,26.87327766418457,23.566216,48.157764
98.89040565490723,27.008277893066406,21.924389,47.05494
98.65516948699951,27.875112533569336,21.849283,45.408382
95.82420444488525,28.631895065307617,22.171629,44.7469
94.26858901977539,24.162372589111328,22.780388,47.986435
94.22336483001709,23.513019561767578,23.76546,48.975906
99.94510746002197,28.83445930480957,21.83766,45.06998
94.44647026062012,25.052204132080078,25.429348,47.706543
98.4457778930664,28.676851272583008,24.226814,46.48746
98.50518798828125,26.736291885375977,23.403954,47.362217
96.50407218933105,29.25339126586914,24.629192,43.555695
98.52996253967285,26.022743225097656,26.714329,47.027657
91.76515197753906,33.15941047668457,21.714607,40.674137
97.34412574768066,40.45730781555176,20.023792,34.200825
94.71365928649902,43.94091796875,18.82314,28.63955
94.43289852142334,44.17033004760742,14.644266,27.840546
93.57616949081421,44.86459159851074,14.889943,26.928509
98.41456508636475,44.96643924713135,13.21332,27.456526
100.18154382705688,44.948753356933594,14.077968,29.171692
104.73724508285522,41.99501609802246,14.066213,32.798214
105.70620203018188,44.823862075805664,13.318042,30.390484
105.84224653244019,45.776254653930664,12.918221,29.707157
101.36955118179321,42.858537673950195,14.937198,30.652409
102.14038467407227,42.951050758361816,16.01889,31.122831
100.58601474761963,42.69041728973389,14.1116085,31.07464
125.03230237960815,36.71868896484375,13.420266,37.816223
126.47554063796997,36.209957122802734,13.930724,38.26544
126.95994806289673,33.72568702697754,13.627521,40.337383
127.4440803527832,36.11100959777832,14.377731,39.158016
127.65850830078125,33.25130653381348,13.6861725,40.36791
128.30001544952393,38.06591987609863,13.410894,36.43098
132.72650337219238,40.74471855163574,10.518154,33.691753
134.10585165023804,40.59434509277344,11.667188,34.77764
133.30383968353271,40.59025192260742,12.077608,34.840958
135.04665565490723,39.00662040710449,11.817974,36.46468
137.47612190246582,38.391212463378906,13.138027,36.8723
138.1278691291809,41.036094665527344,14.382201,33.938995
138.98672246932983,40.84177207946777,11.583348,34.387157
138.20890998840332,44.34621047973633,12.65205,30.588089
138.43246936798096,39.96343421936035,13.667845,34.720966
137.99645519256592,41.27806854248047,14.3976,34.19374
139.74997329711914,40.78852653503418,13.645622,35.004513
138.67809438705444,39.40569496154785,15.07874,36.640705
142.59913444519043,40.262718200683594,11.783321,34.442856
141.94473838806152,37.98661231994629,13.452412,37.955906
139.84217977523804,41.538021087646484,15.405171,32.618668
144.73396921157837,37.68453407287598,10.997172,38.3671
145.28784084320068,40.12039756774902,11.630495,35.779583
146.56897592544556,40.088666915893555,11.871722,35.821423
147.12773418426514,38.435546875,11.82107,37.04406
148.04816341400146,38.26313591003418,12.609095,37.443157
148.22419500350952,40.061933517456055,12.4851885,36.18693
149.10883378982544,39.39235305786133,13.348678,37.047295
150.3696632385254,38.828596115112305,12.265007,37.132854
148.59367990493774,39.29461479187012,14.099917,37.486805
151.8242907524109,38.723793029785156,12.946397,37.37658
153.08961153030396,37.886966705322266,11.490966,36.51999
154.51864910125732,39.216386795043945,11.16334,37.522366
155.1505584716797,39.17860984802246,11.218376,34.91218
157.49119186401367,40.10552978515625,10,35.934624
158.71402263641357,39.96088409423828,10.321871,36.70919
159.22236824035645,39.91042137145996,10.470379,36.010418
160.03857803344727,39.85580253601074,10.843399,36.908092
160.69623184204102,40.733144760131836,11.93248,36.688572
159.17358779907227,40.85508728027344,14.038666,37.42176
160.58740949630737,39.90028762817383,14.692544,37.596138
160.16592836380005,38.77674102783203,15.582343,39.465096
160.304274559021,38.768659591674805,16.294123,38.363514
160.58395957946777,39.11754608154297,16.85912,38.60856
161.0667905807495,41.181583404541016,16.49415,36.839737
163.14909553527832,39.53354835510254,14.904537,37.362675
163.21260356903076,40.29153633117676,15.01195,37.58003
163.0545163154602,40.94392967224121,13.899665,36.083157
163.19150829315186,41.50840377807617,13.031885,36.592957
161.78696727752686,40.66206169128418,13.202059,34.788128
162.840895652771,39.71923065185547,14.582865,37.67984
161.78563165664673,40.76735877990723,14.1456175,35.57156
162.40509462356567,40.00444412231445,15.035041,37.190247
162.14972352981567,40.37298393249512,14.868453,37.262974
161.9670181274414,39.896135330200195,14.707092,37.01238
162.47157287597656,39.975746154785156,14.995117,38.690285
162.62403917312622,39.25344276428223,13.898009,38.03037
162.94139766693115,38.639888763427734,14.289278,40.010185
161.930419921875,38.33072280883789,12.893364,40.09484
162.98187637329102,33.72069549560547,13.483398,44.50228
162.40417671203613,40.257497787475586,12.901478,37.98659
161.9383888244629,37.24671936035156,12.407822,38.1688
161.95820808410645,41.916954040527344,11.441891,36.6297
161.5426754951477,40.755611419677734,11.541907,37.236115
161.56654453277588,41.531307220458984,11.157553,36.810593
159.9428677558899,42.132131576538086,11.855308,36.75796
158.72449207305908,40.385009765625,13.45265,36.862892
157.14497137069702,42.739192962646484,13.814046,35.373817
155.57281875610352,40.61920166015625,13.882729,36.26171
154.8120608329773,39.97711944580078,13.700204,36.876778
153.97015810012817,40.876914978027344,13.053313,35.36434
154.83295345306396,39.126041412353516,11.652689,37.106712
153.572190284729,39.205963134765625,11.604864,36.353027
152.44630432128906,39.519975662231445,11.45327,37.05982
152.04901790618896,39.62056350708008,11.127779,35.721786
151.02345418930054,39.7054557800293,10.83154,37.375656
149.61721086502075,38.87667655944824,11.96572,38.044773
148.5260353088379,41.6375732421875,13.136345,35.749985
147.6963653564453,39.632110595703125,12.868233,37.661964
147.47047758102417,39.83392143249512,13.613694,37.83752
146.72571420669556,39.75368690490723,13.207141,37.507
145.81849098205566,40.04494285583496,13.467075,36.74992
144.34421300888062,39.34206771850586,13.831578,37.058388
143.60485649108887,41.20428657531738,13.104275,33.869534
143.94435691833496,39.688215255737305,12.0255165,36.481266
143.1659870147705,39.53530693054199,11.496868,34.95824
141.32465648651123,38.881174087524414,13.108873,36.48205
140.22273683547974,36.641517639160156,12.271117,38.33625
140.0912585258484,35.77035140991211,12.595109,41.161278
136.7763171195984,39.66337966918945,13.549996,35.402336
138.2926664352417,35.63625907897949,11.584833,39.231472
138.31504440307617,42.667545318603516,12.685249,32.338715
135.20514583587646,36.948923110961914,13.434656,37.05734
136.1138138771057,46.67372989654541,13.307635,30.210402
134.13077926635742,38.36268997192383,11.798431,34.537964
134.28261375427246,39.43743324279785,11.875011,35.460804
132.99005842208862,39.63232421875,12.357156,35.11841
131.08964586257935,38.690555572509766,11.919028,35.84552
129.19201135635376,35.222469329833984,11.918307,39.033943
128.40601634979248,33.29084396362305,13.098543,41.69866
126.17120170593262,35.378013610839844,13.734737,38.91719
126.47108316421509,35.46257400512695,13.765201,38.80047
126.55661010742188,35.615901947021484,12.70433,39.103912
125.46190738677979,35.68333435058594,12.052229,39.108604
124.76103115081787,33.728424072265625,12.784624,40.48384
122.71467924118042,34.66389465332031,13.072221,40.6065
123.06984043121338,33.740203857421875,13.008841,40.329185
120.59816694259644,35.16035461425781,14.537904,40.071793
120.46276998519897,33.380903244018555,15.014066,40.53149
118.14834690093994,34.44231033325195,16.1444,38.661293
98.945725440979,43.227333068847656,19.436758,30.961395
97.83150291442871,43.77078151702881,16.339443,29.11712
97.04190921783447,45.023380279541016,15.482786,27.952637
100.14990234375,46.583109855651855,15.035255,27.601534
105.04116439819336,41.534881591796875,13.072395,33.05066
105.6636323928833,38.424827575683594,15.41535,35.027214
108.71625995635986,38.39641189575195,15.032812,35.58941
107.52011251449585,37.73833465576172,15.800412,36.5157
106.97142601013184,38.2880744934082,15.78175,35.124252
107.22783994674683,37.242441177368164,15.729371,37.730915
99.29562664031982,37.83819007873535,18.009111,34.937313
104.59827184677124,34.62410354614258,14.728337,39.607407
104.28098058700562,33.87839317321777,15.118878,39.744694
104.44360208511353,33.83504295349121,15.322207,40.904186
103.43403100967407,33.808650970458984,15.260997,41.09926
99.788498878479,33.80698776245117,18.016981,41.57451
100.29013252258301,30.413414001464844,18.100834,44.060646
100.34498882293701,28.92206573486328,18.208582,45.586136
98.89124870300293,27.012733459472656,19.580761,47.196365
97.40549564361572,24.841856002807617,20.396673,49.86524
96.09141540527344,27.445680618286133,21.965721,47.74766
95.33810520172119,25.1690731048584,21.994299,49.515965
96.18776035308838,27.191410064697266,22.47666,47.44494
92.04246997833252,22.935937881469727,19.06088,48.839077
91.24852848052979,28.173622131347656,18.120947,43.82115
91.22357177734375,32.74109077453613,17.776955,39.236324
91.73880195617676,33.93442344665527,15.323177,37.657345
91.81159400939941,38.12800598144531,13.510555,32.881386
90.77315092086792,40.260175704956055,11.954263,29.797878
89.76620531082153,34.92818832397461,10.426383,34.47766
87.97695064544678,38.09636306762695,11.265299,32.468292
85.20649194717407,41.148630142211914,10.804477,29.44991
85.68448162078857,37.542964935302734,12.058611,33.172935
84.95860242843628,37.191490173339844,12.425477,32.418213
82.16639757156372,35.82802200317383,14.190177,34.159798
79.67975807189941,35.19103240966797,16.504223,35.047554
79.1627082824707,37.40854072570801,16.084908,33.348743
78.47509813308716,40.062376976013184,15.408118,31.675539
78.17847347259521,42.907264709472656,13.778612,29.2603
77.99879169464111,41.69655132293701,12.141401,29.902308
78.02917337417603,38.203575134277344,10.685206,32.849556
78.68854570388794,36.77107238769531,10.250579,33.418648
77.6040186882019,37.080814361572266,11.083207,33.951187
77.00332260131836,35.784257888793945,11.476891,33.8427
75.31888628005981,34.6149959564209,13.566695,35.483387
74.03505325317383,34.68795585632324,11.9487,33.954884
72.29729795455933,33.898054122924805,11.905709,33.93868
69.00335264205933,33.71970176696777,13.8134775,33.840458
68.9278655052185,32.901405334472656,13.709111,33.2565
69.28035736083984,33.219825744628906,12.666687,34.006966
67.84320497512817,33.2926139831543,12.765487,34.00641
68.1801118850708,33.12892150878906,10.871733,33.827484
67.05159282684326,33.04746437072754,10.157541,33.876934
66.44057846069336,33.195425033569336,10,33.86459
66.51795959472656,32.2640495300293,10,34.38922
65.07213973999023,31.930795669555664,10,34.37106
63.48133993148804,31.38937759399414,10.13828,34.0308
62.717477321624756,31.723356246948242,10.711469,33.50993
61.270633697509766,31.981746673583984,11.177971,33.34246
59.319458961486816,32.00655555725098,12.282034,33.37994
57.86840295791626,31.740882873535156,13.9505415,33.46856
57.25328254699707,32.08511161804199,13.643223,33.965084
56.7771692276001,31.884700775146484,13.988325,33.120758
56.477582931518555,31.174793243408203,13.473194,33.523903
55.55248165130615,30.931421279907227,12.645693,34.210262
55.61408615112305,30.187246322631836,11.134506,33.62405
55.439720153808594,30.342674255371094,10,33.92649
54.08229064941406,29.769351959228516,10,33.92125
52.67997741699219,29.15880584716797,10,35.10666
52.36530351638794,28.929758071899414,10.332862,35.038685
51.30300760269165,28.774621963500977,10.449557,35.09511
48.88752794265747,29.37404441833496,11.596107,34.922848
47.68499422073364,29.690898895263672,12.624877,33.72252
45.949482917785645,29.3554630279541,13.80065,33.74223
45.08019828796387,29.7072696685791,13.591274,34.21329
45.40581130981445,29.05630111694336,12.660614,34.26442
44.88934659957886,29.19438362121582,11.823449,33.248615
44.60668897628784,28.837905883789062,11.269593,34.290817
44.518917083740234,29.10572052001953,10,33.050415
43.278533935546875,29.288270950317383,10,33.104916
42.25619125366211,28.770322799682617,10,33.423443
41.733088970184326,28.692291259765625,10.124108,33.398758
40.39463806152344,28.39496421813965,10,33.39401
39.11231851577759,26.49625587463379,10.656482,34.046177
39.37503433227539,26.910566329956055,10,33.63998
37.50329399108887,27.403562545776367,11.164555,33.25639
34.251115798950195,27.58078956604004,13.305843,33.06648
33.76733589172363,27.8709659576416,13.1865425,33.12174
34.223068714141846,27.954198837280273,12.350654,33.296894
34.328532695770264,27.666202545166016,11.168435,32.52043
32.64429330825806,27.489652633666992,12.293551,33.163853
31.557836055755615,27.14603042602539,11.976384,32.933914
31.917104244232178,27.19038963317871,10.618863,33.240986
31.59736680984497,26.966753005981445,10.060317,32.713825
30.105255126953125,27.402498245239258,10,32.29053
28.67077350616455,30.886510848999023,10.680838,28.569866
28.49052381515503,31.02499008178711,10.041162,28.212357
28.738001346588135,28.029457092285156,10.39358,30.959595
26.597053050994873,31.648418426513672,11.720605,27.222527
25.842503547668457,27.762054443359375,12.186033,31.316399
25.30891752243042,25.407102584838867,13.122727,33.98596
26.910820960998535,29.19858741760254,12.055807,29.518223
26.749191761016846,27.87567138671875,11.371573,31.205582
22.958297729492188,26.899578094482422,15.431282,32.280746
24.89273977279663,24.780073165893555,13.412679,33.503803
24.692204475402832,22.458757400512695,13.681509,36.072918
24.587430953979492,23.853511810302734,12.851131,34.980003
24.632436275482178,23.47970199584961,13.334973,34.415726
25.27881097793579,23.519392013549805,13.704196,34.489048
25.089076042175293,23.293224334716797,12.839769,35.555367
25.499069690704346,24.470966339111328,12.11341,34.128662
25.454946994781494,25.2681941986084,13.04655,33.11546
25.921770572662354,27.24135684967041,12.584903,31.603392
24.933659076690674,25.929412841796875,12.044028,32.488625
24.37451934814453,26.12798500061035,13.024979,32.389927
26.141331672668457,27.397733688354492,11.167585,31.359402
23.899494171142578,25.890361785888672,13.055939,32.73835
25.409889221191406,29.170483589172363,11.848175,29.23625
26.67639970779419,27.8179931640625,10.839477,31.192696
25.930287837982178,29.02011775970459,11.15083,29.174433
26.83856773376465,28.459083557128906,11.131626,29.374596
28.893506050109863,28.136953353881836,10.04183,30.375729
28.781375885009766,27.905601501464844,10,30.920479
28.983033657073975,27.088814735412598,10.616681,31.56523
29.32599115371704,27.437026977539062,10.215449,32.23838
30.21183729171753,26.020572662353516,10.74479,32.969902
28.860281944274902,25.531227111816406,11.515032,33.524376
30.079545974731445,25.363567352294922,11.855541,34.497932
30.220831871032715,25.526330947875977,11.83124,34.15449
30.679020881652832,26.59888458251953,11.835989,33.71466
31.554684162139893,27.67300033569336,11.407622,33.201683
33.141411781311035,27.321121215820312,10.832251,33.76825
34.98994827270508,27.169696807861328,10,33.581505
35.97924041748047,27.26369285583496,10,33.234188
37.14779281616211,27.831138610839844,10,33.051613
37.17649459838867,27.56583023071289,10,32.828583
38.514610290527344,27.470508575439453,10,33.25843
39.04110336303711,26.038908004760742,10,34.351215
38.37705373764038,26.726093292236328,10.272084,33.59105
38.06886291503906,27.517932891845703,11.399307,33.073677
38.15059947967529,28.536357879638672,12.766695,32.687035
38.26191282272339,27.999195098876953,13.632569,33.35289
38.725836753845215,28.832256317138672,13.515734,33.03798
40.33711576461792,27.593050003051758,14.460832,34.989727
40.76716899871826,28.884429931640625,13.477823,33.09613
43.437079429626465,27.87405014038086,11.359873,35.285492
45.792397022247314,27.532718658447266,10.099021,34.774002
47.278228759765625,27.24428367614746,10,34.717464
48.20532560348511,26.935169219970703,10.690614,35.21041
49.118287086486816,27.404781341552734,10.265043,34.977684
49.48879098892212,28.47259521484375,11.2648115,35.047478
49.26676082611084,28.19220733642578,12.747965,35.580704
50.07957363128662,29.432497024536133,13.4910145,35.41831
50.0424919128418,28.87318992614746,14.5093155,34.870014
50.28507089614868,30.53612518310547,15.17406,33.768967
50.77554368972778,30.10299301147461,15.353332,33.85282
54.78666543960571,29.58881378173828,11.648929,34.211266
56.05004405975342,30.34392738342285,11.359613,34.35191
56.678115367889404,30.694129943847656,10.751328,33.281555
55.829007148742676,30.36001205444336,12.538702,33.892212
58.922051429748535,30.231678009033203,10.177092,34.562584
59.838741302490234,30.529722213745117,10,33.725376
60.670101165771484,31.232532501220703,10,33.98333
61.24229097366333,30.97303009033203,10.08882,33.957848
60.40298843383789,31.582937240600586,11.784256,34.01199
60.75171089172363,31.271188735961914,13.786762,34.29169
60.97700119018555,31.874513626098633,14.744141,33.85287
61.578298568725586,32.00706100463867,14.675579,33.414047
62.16356658935547,32.84040451049805,14.987541,33.568375
62.648019313812256,32.010576248168945,15.275258,33.825123
64.10408592224121,32.84000778198242,14.722324,34.189873
69.67627668380737,32.55616760253906,10.977517,35.696396
71.23442220687866,32.195674896240234,10.478826,35.932777
71.97848653793335,32.47038269042969,11.013631,34.695076
72.92735815048218,32.64491844177246,11.140477,34.93382
72.93275594711304,33.38681221008301,10.004018,34.013416
73.15137529373169,34.38828086853027,12.09114,32.897434
72.56781673431396,35.19826698303223,12.775682,33.074528
74.10500192642212,33.62418174743652,14.370059,36.007412
75.28040981292725,31.79899787902832,14.43725,37.643772
75.41676425933838,34.84156036376953,14.274496,35.07366
75.30366086959839,31.67967414855957,14.1691065,38.702732
76.72250986099243,29.90778923034668,13.722873,39.846485
77.60969877243042,30.5716609954834,13.887925,39.86246
78.16654682159424,27.446224212646484,14.084257,42.20456
80.52341890335083,27.552623748779297,13.316718,43.198822
81.52954435348511,28.98674201965332,14.447732,41.205006
82.39074182510376,27.57539176940918,14.2214,42.48557
81.9443154335022,32.07718086242676,15.257716,38.372387
83.39732217788696,30.76224136352539,14.176921,39.74646
85.26758909225464,26.533151626586914,13.89779,44.31518
84.20293712615967,28.385765075683594,15.682909,41.81346
84.67249870300293,27.193063735961914,17.69431,43.311207
87.65861701965332,20.62628936767578,17.389484,49.77134
87.63116931915283,22.15597915649414,17.505095,49.280716
89.20512771606445,19.361949920654297,17.219376,51.13408
91.00107288360596,21.659576416015625,16.79408,49.93284
91.59679508209229,23.056669235229492,17.318396,47.833797
92.37200260162354,26.692899703979492,16.255178,45.51904
95.49074459075928,27.193153381347656,17.433847,46.16655
98.16031455993652,34.8951301574707,20.918484,39.388786
99.2615795135498,30.112411499023438,17.249119,44.900085
99.25025463104248,29.872268676757812,18.684069,44.42285
99.8872652053833,33.058753967285156,19.438093,42.676834
100.13005065917969,34.82918930053711,18.677216,42.201355
100.48322868347168,33.752010345458984,18.257427,43.232628
99.83327293395996,32.56609535217285,18.491756,43.204136
98.46653366088867,30.73343849182129,20.647758,43.761684
98.83674812316895,27.552532196044922,20.368114,46.64518
95.84047317504883,24.999208450317383,22.385735,48.121944
95.85035133361816,26.24307632446289,24.392544,47.36239
99.49258136749268,30.330900192260742,21.77889,45.792454
100.33230495452881,31.324764251708984,22.346529,44.317986
102.87278652191162,31.475296020507812,20.793459,43.39868
104.59216690063477,32.14251518249512,20.69857,41.440388
105.55631351470947,36.510759353637695,21.904066,38.05862
105.67193984985352,42.61642074584961,19.823502,32.229637
106.99546909332275,47.16978073120117,17.25218,28.43261
106.09808921813965,46.163835525512695,13.692387,29.49622
100.8533124923706,44.669532775878906,14.76314,28.655632
107.32953929901123,40.135332107543945,14.744814,33.313457
105.0257453918457,41.70761299133301,15.870773,32.69575
106.82973384857178,43.1881160736084,13.19488,32.203396
106.99645662307739,45.36812973022461,12.792083,30.140488
104.77376317977905,45.35558891296387,12.696469,29.35358
101.94973659515381,43.21347236633301,14.300318,30.626057
102.33695554733276,44.52738380432129,14.584046,30.457699
104.03033113479614,45.61350154876709,14.674186,30.643053
102.71014308929443,43.750484466552734,14.150049,31.208603
101.92132568359375,43.785268783569336,14.684082,31.361248
103.02601194381714,44.968138694763184,14.772798,30.656633
103.78776979446411,45.64170455932617,13.866233,29.46135
103.40977001190186,46.12856101989746,12.905054,28.79124
104.12153720855713,45.60600280761719,14.276579,29.025124
102.23539066314697,44.21107482910156,13.971884,29.478516
104.16552686691284,45.29701042175293,14.478036,29.957928
103.85405445098877,45.739481925964355,13.21002,29.280901
103.72151899337769,45.25282382965088,14.520028,30.033865
104.70776176452637,46.545254707336426,13.070202,29.0156
104.02065086364746,44.69660568237305,13.956989,30.646713
104.92715740203857,45.812344551086426,12.932779,29.431715
104.43620729446411,44.39741611480713,13.688544,30.239561
104.70681571960449,45.88922119140625,13.570515,29.509117
105.13977193832397,46.50437641143799,13.497121,29.090567
104.80386018753052,46.26506996154785,13.615813,29.223118
105.80319786071777,46.83224010467529,13.000088,29.232462
105.8374719619751,46.69309616088867,13.059332,29.485748
106.4602518081665,47.169057846069336,12.72402,28.953846
106.22793436050415,46.136857986450195,12.61983,29.145718
105.84937381744385,46.62727737426758,12.885771,28.657967
106.41975259780884,45.944857597351074,12.56998,29.227823
105.9955267906189,46.49574661254883,12.952771,28.623451
106.73264646530151,45.929025650024414,12.561135,29.157948
105.36437892913818,45.74823570251465,12.9025135,29.510769
105.75919485092163,45.99271202087402,12.842916,29.49612
106.35620880126953,46.406426429748535,12.642273,29.32179
106.17061614990234,46.51665782928467,12.929939,28.58758
105.63025856018066,45.49055194854736,12.738537,29.44789
106.39785432815552,45.83629035949707,12.643439,29.918629
105.5676589012146,45.68773937225342,13.08389,29.575518
107.14541482925415,47.22018909454346,11.705104,29.18823
107.09473657608032,46.745646476745605,12.101268,29.33993
106.03308057785034,46.27546787261963,12.8772745,29.429647
106.80487871170044,46.88213348388672,12.448844,29.249382
106.13803577423096,45.868178367614746,12.728643,29.398294
106.02002573013306,46.59854602813721,12.647754,28.745512
106.73735809326172,46.32222938537598,12.374413,29.1918
105.89207553863525,45.637505531311035,12.690695,29.394857
105.91109848022461,46.69998550415039,12.61544,28.490936
106.22294330596924,47.42963886260986,12.075003,28.35819
106.57659101486206,45.94239330291748,12.043061,28.860018
106.46540832519531,46.71950435638428,12.242287,28.41736
105.58654689788818,46.97630310058594,12.766794,28.40313
106.62908697128296,45.12259578704834,12.482991,29.969797
106.38681888580322,46.76079177856445,12.115416,28.221848
106.64225769042969,46.20939922332764,12.422195,29.187288
105.79438495635986,45.88153839111328,12.774427,28.91967
106.48925018310547,47.20005416870117,12.081863,29.181877
105.83471155166626,46.33676242828369,12.566722,29.077963
106.50900602340698,46.38435077667236,12.3826,29.060087
105.95677709579468,45.793968200683594,12.58508,29.340736
105.82694435119629,46.61220741271973,12.682949,28.655918
106.55027103424072,46.26560115814209,12.501974,29.06418
105.88224077224731,45.862067222595215,12.672164,29.014719
106.51882743835449,47.18795967102051,12.252995,29.21571
105.93703985214233,46.169837951660156,12.56416,29.259209
105.89433908462524,47.05724620819092,12.5902815,28.526247
106.04941511154175,46.09707546234131,12.310029,29.067858
106.79998302459717,45.86433219909668,12.286737,29.252949
106.5279335975647,47.04108238220215,12.250903,28.490955
106.7078275680542,46.1197452545166,12.155886,29.137203
106.12678861618042,45.88046169281006,12.396646,28.981203
106.8494644165039,47.293517112731934,12.066597,29.266932
106.29715394973755,46.352009773254395,12.422652,29.58312
106.50962495803833,46.600701332092285,12.434745,28.966444
105.96450853347778,46.338151931762695,12.5220785,28.969143
106.65475606918335,46.15934085845947,12.319974,29.307959
106.03946352005005,45.998619079589844,12.621581,29.329033
106.21123504638672,46.714287757873535,12.477501,29.038054
106.87397241592407,46.632144927978516,12.273623,29.408577
106.3263955116272,46.640870094299316,12.523753,29.071936
105.57778310775757,46.18615245819092,12.897206,29.303392
106.2308201789856,46.73135280609131,12.481948,29.385042
106.1440806388855,46.8711576461792,12.885156,28.814745
106.13867568969727,46.783613204956055,12.896996,28.868313
106.17113494873047,46.6694860458374,12.89917,28.846643
106.27973651885986,46.39834117889404,12.732603,28.966799
106.42877674102783,46.9947395324707,12.386366,28.764328
106.62112379074097,46.138352394104004,12.130815,29.36289
105.5768518447876,45.97506237030029,12.894224,28.918917
105.58477926254272,46.677738189697266,12.650708,28.530037
106.36681032180786,46.5289888381958,12.6116705,29.556265
106.14226388931274,46.94835662841797,13.011607,28.509003
105.64850568771362,46.46360397338867,12.756066,28.978577
105.55352640151978,47.37797451019287,12.660373,28.210733
106.21753740310669,45.02658748626709,12.721412,30.244104
105.61632919311523,46.53414249420166,13.42041,28.25141
105.39545249938965,46.78555679321289,12.921253,28.394646
105.55992412567139,46.03418445587158,12.782785,29.312178
105.9382586479187,46.13096809387207,12.817483,29.909817
105.06691360473633,46.05511665344238,13.567261,29.15224
106.406729221344,46.42022228240967,12.534686,29.348238
105.68475151062012,46.49052715301514,12.991131,28.522928
106.07802438735962,45.68266296386719,12.538577,29.19307
105.6269178390503,46.287485122680664,12.636286,28.427067
105.92084169387817,45.60077953338623,12.854026,29.707544
107.02434539794922,47.216487884521484,11.837021,28.523155
105.74038124084473,47.10010051727295,12.799107,28.67209
106.22597122192383,46.21721649169922,12.525429,29.05967
106.61538076400757,45.56120204925537,12.479077,29.114595
106.11014795303345,46.83727550506592,12.477702,28.143991
106.41392421722412,46.313812255859375,12.550119,28.715622
105.39760541915894,44.82316780090332,12.893464,29.766636
106.33345651626587,46.33271884918213,12.000697,28.598135
106.56609392166138,46.063926696777344,12.333404,28.699326
106.30622148513794,46.41897106170654,12.30091,28.40565
105.95772075653076,46.73277568817139,12.347559,28.316133
106.3722767829895,46.48579216003418,12.296119,28.460392
105.98171520233154,46.76175403594971,12.431589,28.475332
105.60941410064697,47.026411056518555,12.477308,28.53323
106.77996110916138,45.04374885559082,12.223449,29.832195
106.29893636703491,46.99902057647705,12.701512,28.446814
106.31576776504517,46.04078197479248,12.352237,28.646448
106.35967874526978,46.59714889526367,12.037868,28.354263
106.82206678390503,46.15934658050537,12.116647,28.748545
106.64160966873169,46.54809856414795,12.273864,28.59904
106.63209056854248,47.12704086303711,12.089655,28.254128
105.83059644699097,46.98741054534912,12.605363,28.446245
105.85526371002197,46.060142517089844,12.455313,28.551048
105.72048807144165,46.38609600067139,12.267062,28.26951
106.32053327560425,45.831533432006836,12.182839,28.680904
106.04974842071533,46.18907356262207,12.328611,28.292576
106.50817060470581,47.02783203125,12.214883,28.309174
105.71350240707397,47.035470962524414,12.5444765,28.240467
106.72521877288818,45.1847038269043,12.348352,29.50898
106.27246379852295,46.843281745910645,12.483126,28.319342
105.87350749969482,45.803680419921875,12.59833,28.472702
105.71598672866821,46.212350845336914,12.408076,28.026913
105.81299686431885,46.681084632873535,12.629492,28.534796
105.85574150085449,47.292518615722656,12.358242,27.982338
106.44176054000854,46.464219093322754,12.1849985,28.663862
106.06013822555542,46.94534683227539,12.526673,28.175606
105.81796598434448,46.09050464630127,12.69465,28.236616
105.75865602493286,46.30869388580322,12.334029,28.18569
105.91703987121582,46.663753509521484,12.572071,28.63478
106.3996958732605,45.9179573059082,12.413148,28.96357
106.0306510925293,47.324934005737305,12.363312,27.898884
106.77243185043335,46.53640365600586,12.147344,28.654129
106.42521572113037,46.85744857788086,12.384073,28.232437
105.50425291061401,46.71118450164795,12.771264,28.252497
105.40113306045532,45.230652809143066,13.296245,29.90489
106.38820791244507,46.70028114318848,12.3691225,28.479511
106.0966854095459,46.60384750366211,12.523685,28.556976
106.03692626953125,46.800007820129395,12.342766,28.28501
106.15781831741333,45.58396530151367,12.603698,29.281113
106.02887678146362,46.37383270263672,12.61081,28.059593
106.45249366760254,46.81560707092285,12.345425,28.431187
105.8589391708374,45.35189342498779,12.705973,28.889406
106.53609275817871,46.68149948120117,12.172047,28.094116
105.5985746383667,45.97382926940918,12.67457,28.662708
106.0436315536499,47.11879825592041,12.359011,28.119986
106.62155294418335,46.195767402648926,12.197469,28.83798
106.36224412918091,46.52754783630371,12.27143,28.309734
106.84594011306763,45.58354949951172,12.355834,29.053093
106.18526792526245,46.59228801727295,12.368981,28.311655
106.82200860977173,45.978501319885254,12.242938,28.61312
106.47873783111572,46.25568389892578,12.274366,28.307045
105.95993614196777,47.33812713623047,12.132053,27.933037
106.2127251625061,46.18240547180176,12.038112,28.652607
106.7270827293396,45.87313270568848,12.131238,28.43015
106.07435894012451,47.26700401306152,12.179087,27.651348
106.25119304656982,45.97111988067627,12.111147,28.52043
106.14398241043091,46.61134624481201,12.583884,28.49225
106.16611242294312,47.06654453277588,12.213635,28.035955
106.76712608337402,46.484572410583496,12.153278,28.322664
105.83420944213867,46.378018379211426,12.594521,28.316504
105.77864265441895,46.7362174987793,12.334225,28.018578
106.280508518219,46.06609630584717,12.351481,28.48247
105.97755908966064,46.49508285522461,12.482168,28.031708
106.42590045928955,45.891940116882324,12.533064,28.323519
106.38395738601685,46.31049919128418,12.33837,27.935894
105.87086153030396,47.22918510437012,12.370734,27.912373
106.02123260498047,46.58927822113037,12.585274,28.433565
105.50756645202637,46.720078468322754,12.720837,28.227598
105.59712171554565,45.62386894226074,13.17843,29.618534
104.82127380371094,46.40110111236572,13.600685,28.274572
105.70735597610474,46.099653244018555,13.001769,29.09982
105.52683639526367,46.82894802093506,12.984222,28.098116
105.51718616485596,47.090928077697754,12.594572,28.007055
106.22196578979492,46.55937576293945,12.195381,28.427689
106.78676128387451,46.41939067840576,12.25918,28.350634
105.83712911605835,46.066134452819824,12.698087,28.686693
106.15359830856323,47.237932205200195,12.50789,28.441723
105.97767639160156,46.17526054382324,12.427536,28.919552
106.57517290115356,45.59718608856201,12.49179,29.100435
105.92250347137451,46.82118320465088,12.64419,28.275106
105.9077501296997,46.941786766052246,12.50997,28.436022
105.86120176315308,45.70409679412842,12.385537,29.259706
106.45395946502686,47.36390399932861,12.218035,28.48065
106.1986985206604,45.92853355407715,12.088229,29.82986
105.54694747924805,47.06674861907959,12.84333,28.124765
106.68653345108032,44.94571876525879,12.54452,30.205585
105.74277353286743,46.09178829193115,13.551059,28.555323
105.53448247909546,46.48840141296387,12.940434,28.124134
105.47146892547607,46.711241722106934,12.746538,28.343096
105.87843179702759,46.2024040222168,13.039798,29.53543
106.23813772201538,46.41335487365723,12.754689,29.440815
105.65638542175293,46.415870666503906,13.186756,28.529991
105.09557771682739,46.63774871826172,13.19197,28.1213
105.82902574539185,45.65538024902344,12.696433,28.984558
106.05005407333374,46.991994857788086,12.754811,28.550922
106.31512689590454,46.139288902282715,12.836833,29.118822
105.6521987915039,46.68121910095215,13.053307,28.102032
105.81744194030762,46.90310764312744,12.552891,28.194853
105.71526622772217,45.70541000366211,12.427507,28.825706
105.99922752380371,47.03573131561279,12.476002,28.654955
105.76715803146362,46.020917892456055,12.553567,28.853199
106.0535717010498,47.42258548736572,12.527386,28.305593
105.9696831703186,46.261786460876465,12.481738,28.805285
106.41141319274902,45.415467262268066,12.770962,29.03935
106.38860416412354,46.756192207336426,12.331144,28.171629
105.46718692779541,45.91557216644287,12.819632,28.957552
105.91584491729736,45.844122886657715,13.073446,29.400568
105.72301483154297,45.64687156677246,13.577316,29.318722
105.27812385559082,46.2811279296875,13.598522,28.364105
105.31960105895996,46.39712429046631,13.063297,28.239481
105.7174916267395,45.38501167297363,13.008086,28.969975
105.9297103881836,46.81369876861572,12.313843,28.225103
106.48110055923462,45.9405574798584,12.426364,28.905842
105.92829895019531,46.98343753814697,12.6983185,28.29907
105.95279312133789,45.96226692199707,12.607452,28.477436
105.84635877609253,46.13070297241211,12.540246,28.394875
105.88988494873047,46.34999370574951,12.515831,28.298052
105.5716438293457,46.37173557281494,12.599236,28.396193
105.69899559020996,45.69534778594971,13.490192,29.38899
105.21877479553223,46.23584747314453,13.646778,28.48175
105.17458486557007,46.343770027160645,13.0042925,28.212027
105.65369176864624,47.52590084075928,12.599851,28.216112
106.59456777572632,45.409722328186035,12.860471,29.879095
104.65032052993774,45.41548538208008,13.387347,29.127792
105.55748748779297,45.75908946990967,13.221176,29.349169
106.61289072036743,47.079084396362305,12.262019,28.689167
106.34017610549927,46.3015775680542,12.636542,28.576853
104.7613730430603,45.2487211227417,13.670041,29.107058
106.5421257019043,46.192185401916504,12.168678,29.692472
105.05315685272217,45.71920204162598,13.772554,28.47556
106.40706157684326,46.77045440673828,12.11603,28.596268
105.9488410949707,45.949859619140625,12.723267,28.411392
105.67053079605103,46.194090843200684,12.770671,28.277498
105.5523099899292,46.45148849487305,12.540583,28.11322
106.20339345932007,45.40682792663574,12.42014,29.274342
106.2983283996582,47.09182834625244,12.72319,28.084715
106.09103012084961,45.98131847381592,12.781334,28.387293
105.96993112564087,46.20212745666504,12.655162,28.197277
105.79149913787842,46.42265605926514,12.583155,28.062899
105.84222650527954,47.11333656311035,12.790324,28.081043
105.56161594390869,46.197086334228516,13.061163,28.094986
105.41983127593994,46.39194297790527,12.643621,28.0983
105.62171840667725,45.91669464111328,13.386911,28.919579
106.38704013824463,47.27090644836426,12.497076,28.314571
105.98964786529541,46.449846267700195,12.910109,28.136127
105.74030256271362,46.7076301574707,12.732232,28.059853
105.27554035186768,46.833197593688965,12.905127,28.097368
105.69322156906128,46.449002265930176,13.258935,28.977255
105.63504886627197,46.313364028930664,13.386145,29.084354
105.54619264602661,46.16834545135498,13.472739,29.034044
105.41038513183594,45.68653678894043,13.560051,29.381977
104.64089727401733,46.367953300476074,13.562757,28.299585
105.41453504562378,46.195000648498535,13.081338,29.338308
105.2512001991272,45.909796714782715,13.38206,29.413973
106.32567739486694,46.50900363922119,12.758145,29.113539
105.68015193939209,45.925119400024414,13.08597,28.85426
105.14002466201782,46.1777925491333,13.036616,28.318884
105.71942329406738,47.423736572265625,12.539089,28.225769
106.37448787689209,45.31100273132324,12.754618,29.794964
105.76724338531494,46.649338722229004,12.392225,28.249777
106.18612670898438,45.930026054382324,12.3239975,29.017466
106.34746980667114,47.26925563812256,12.483443,28.525675
105.9801869392395,46.28847694396973,12.510413,28.579464
105.45351696014404,46.482948303222656,12.70141,28.478897
106.200608253479,45.81697368621826,12.936636,29.468279
104.92703676223755,45.35461139678955,13.418319,29.350348
106.2996597290039,45.998717308044434,12.593376,29.083796
105.34227895736694,45.421875953674316,12.827313,29.134413
106.3506727218628,46.4692268371582,12.318201,29.63459
105.3905611038208,46.36155414581299,13.178305,28.73026
105.73433113098145,46.04465389251709,13.227726,29.54236
104.91450023651123,46.67003631591797,13.634737,28.673698
105.27349328994751,46.3951530456543,13.107028,29.247925
105.32594203948975,46.622422218322754,13.167803,29.007689
105.77566242218018,45.83963203430176,13.118284,29.55891
106.14840698242188,46.446444511413574,12.84935,28.614527
104.9910888671875,45.510491371154785,13.097931,29.194166
105.88428354263306,47.23305130004883,12.322925,28.422829
105.54363822937012,46.24912738800049,12.363224,28.454748
105.71935653686523,45.85406017303467,13.021164,29.272821
106.72319459915161,47.77738380432129,12.108031,28.26701
106.76898622512817,46.427358627319336,11.534698,29.340565
105.80475234985352,46.00815677642822,12.490822,28.291166
105.3992223739624,46.38481903076172,12.435938,28.071556
104.68567276000977,47.24350929260254,13.299896,28.28954
104.2872576713562,45.71376991271973,13.907578,29.727947
103.91454362869263,45.30130863189697,14.0787115,29.56603
104.4310188293457,45.78670310974121,13.645042,29.046978
104.48269844055176,46.092485427856445,13.765522,28.890385
103.47724676132202,44.51087474822998,14.075017,29.808535
103.53468990325928,45.419596672058105,13.97159,29.058199
102.97161102294922,45.040907859802246,14.333496,29.875132
101.44538879394531,45.572876930236816,14.685013,28.463308
102.66294717788696,45.98400115966797,15.426616,28.711205
103.13873529434204,46.82375144958496,13.830401,27.69727
101.67279052734375,44.07707405090332,14.692665,29.509647
104.74082374572754,44.836618423461914,14.117199,30.24281
104.85835838317871,46.227967262268066,13.410603,29.653524
103.3645715713501,45.10365867614746,14.180601,30.187618
104.13489532470703,46.26276111602783,14.175888,29.371557
101.87759590148926,42.352386474609375,13.474293,31.624199
103.91782808303833,43.478590965270996,14.570678,31.13579
104.50625467300415,45.378475189208984,13.809199,29.557854
105.1968207359314,46.13860607147217,13.278798,28.974566
104.51467370986938,45.47086524963379,13.918551,29.596958
105.44823455810547,46.399314880371094,13.301224,28.618538
105.0751895904541,46.386393547058105,13.189259,28.920267
104.25191402435303,44.298967361450195,13.847757,30.676426
105.25889587402344,44.713924407958984,13.499603,30.017387
105.96836709976196,45.55666732788086,12.988284,29.5822
106.8302812576294,46.88932991027832,12.818655,28.69971
106.07716464996338,44.677162170410156,13.067656,30.638863
105.18679094314575,46.03904914855957,13.858924,29.32101
105.84388160705566,45.146728515625,14.121052,30.61081
108.05683040618896,41.75690269470215,17.440302,33.46568
108.07574081420898,37.124868392944336,17.713104,37.05583
107.03437423706055,37.83038330078125,17.296227,36.841797
103.62671184539795,38.00389289855957,17.95888,35.811184
104.87811183929443,36.365257263183594,16.669306,38.446526
101.82491111755371,34.420875549316406,17.366673,38.778313
103.74442529678345,33.17005920410156,15.277377,41.10441
103.6822919845581,32.56733512878418,16.205103,41.153034
103.18176364898682,32.13356399536133,15.457602,42.386185
102.26556491851807,31.899221420288086,16.364332,43.000347
102.35298728942871,31.50594711303711,16.119198,44.471436
101.50513744354248,30.966773986816406,16.532526,44.61779
100.69720363616943,29.1717529296875,17.378405,46.442825
99.84836101531982,27.004606246948242,17.516512,47.25716
95.24186134338379,22.051788330078125,19.767246,50.52746
92.74270820617676,22.5324764251709,22.616077,50.043636
93.42887306213379,23.535755157470703,22.92043,49.072845
95.17947006225586,23.61609649658203,21.354889,49.396233
90.50915431976318,19.410722732543945,21.301233,52.18488
91.95873641967773,22.337369918823242,19.465439,48.268047
91.82306289672852,29.08339500427246,18.17392,42.984844
91.27282571792603,28.239688873291016,15.037997,42.817528
91.15552854537964,31.142471313476562,14.557366,39.743904
90.1134705543518,34.261430740356445,13.116664,35.42513
87.87708377838135,36.04011154174805,12.048475,33.97561
87.5786361694336,35.13287925720215,11.036385,34.837315
85.32229661941528,38.42340660095215,10.871703,31.727375
83.88889026641846,37.76690483093262,11.661886,32.62264
82.69219398498535,36.568904876708984,13.035358,33.40441
79.3465404510498,35.84891891479492,15.882305,35.0271
78.68185377120972,35.13896369934082,15.761491,35.495
77.89720582962036,34.261253356933594,15.4508505,36.60453
77.88889789581299,29.76020050048828,14.013609,41.032906
78.09682130813599,29.890552520751953,13.341956,40.608246
77.5626015663147,30.709453582763672,12.943576,39.85224
76.39756870269775,31.831159591674805,13.7973385,38.14931
76.19432258605957,35.57370948791504,13.07642,35.44019
75.23131608963013,32.12214469909668,13.637443,38.77023
73.89030027389526,31.521934509277344,13.854722,37.49716
74.46262454986572,31.509397506713867,11.248617,37.26054
72.49996852874756,32.67899703979492,11.719698,36.092934
70.51604843139648,32.16471290588379,12.16259,34.898014
66.36603879928589,32.64536666870117,15.481561,34.247597
66.79279708862305,32.83504676818848,13.268776,34.216007
67.7277946472168,32.650285720825195,12.992828,34.22476
66.45319509506226,33.104827880859375,12.716413,33.800926
66.21672677993774,32.448591232299805,10.634868,34.355
65.84139490127563,32.43470001220703,10.532092,34.39351
63.87982797622681,32.087440490722656,11.355556,34.74688
63.34108924865723,32.05210494995117,11.653431,33.800186
63.21089744567871,31.83446502685547,11.339077,33.969887
61.78394603729248,32.13572120666504,12.479692,34.043926
58.51757574081421,32.16231727600098,14.57224,33.67467
58.58312797546387,31.72432518005371,13.429012,34.106747
57.31951713562012,31.58601951599121,14.49271,34.093723
55.94503211975098,31.226869583129883,14.724461,34.11073
55.510128021240234,30.726713180541992,14.415054,34.246235
54.80830097198486,30.402490615844727,14.449041,34.3092
53.90943384170532,30.490318298339844,13.779666,33.84114
53.787123680114746,30.956035614013672,13.079798,33.93238
53.64316749572754,30.8212890625,12.135487,33.583305
53.043339252471924,30.162500381469727,11.082953,33.116383
52.81821012496948,29.620502471923828,10.519731,34.800377
50.837459564208984,28.417617797851562,10.759422,34.70009
50.475499629974365,27.80453109741211,10.849736,35.38391
49.05183792114258,25.078584671020508,11.447411,37.8698
46.377257347106934,26.919097900390625,13.409807,35.66861
43.7155327796936,26.679330825805664,14.676257,36.638577
43.250577449798584,25.100460052490234,15.934728,37.96575
42.77084922790527,26.35243797302246,15.189449,36.22019
43.594786643981934,27.448789596557617,13.713526,35.798923
43.11885404586792,26.168291091918945,13.155374,36.60657
42.514431953430176,26.028005599975586,11.8277645,36.7821
43.554630279541016,25.603466033935547,10,36.817184
41.89222717285156,26.771652221679688,10,34.998596
40.6524543762207,31.113611221313477,10,30.635105
39.29496765136719,29.084671020507812,10,33.17861
38.415679931640625,28.495197296142578,10,32.787766
38.507179260253906,27.728946685791016,10,33.186913
36.772708892822266,29.42952537536621,10,31.146
33.49438524246216,28.5064640045166,13.505889,31.786983
32.193389892578125,27.82530975341797,14.327667,33.24814
31.719380378723145,29.719494819641113,14.482908,31.268354
31.424736976623535,27.63340187072754,15.022444,33.021465
30.91805076599121,26.878145217895508,14.838818,33.373142
30.195446014404297,27.087749481201172,14.18412,33.53354
30.382190227508545,26.104473114013672,14.454667,34.769257
30.17709970474243,27.453907012939453,13.390079,32.58513
29.76044988632202,27.26378059387207,13.468366,33.16276
29.724445819854736,26.94902992248535,12.652312,32.568645
29.135592460632324,27.25454807281494,12.030069,31.934034
28.72166633605957,27.263355255126953,12.068813,32.150482
29.47611951828003,26.901065826416016,11.337663,33.154495
28.609732627868652,27.638690948486328,11.626841,32.247368
27.125196933746338,27.923035621643066,12.136043,31.886694
24.96626091003418,27.857257843017578,13.379307,32.40857
25.14211130142212,26.469282150268555,13.430995,33.015858
23.67373514175415,27.863521575927734,13.675151,31.798965
23.46490478515625,27.144651412963867,12.64122,32.560024
21.781188011169434,28.858938217163086,13.919184,30.416851
21.114827632904053,27.841779708862305,14.042287,31.10056
21.069907188415527,28.979073524475098,13.783487,30.022818
22.369994640350342,26.585384368896484,13.245698,32.689583
21.8438720703125,30.27580738067627,11.981705,28.198095
22.111268997192383,23.83559799194336,12.633343,34.304695
20.574103355407715,24.47317886352539,12.597681,34.03631
20.381449222564697,26.81027317047119,12.780925,31.630835
20.522949695587158,26.253146171569824,13.134765,31.840403
20.319242000579834,26.861682891845703,12.747502,31.231934
21.78804111480713,24.216705322265625,13.204695,33.966675
20.81810760498047,28.869128227233887,11.965561,29.465334
21.46488904953003,37.41009330749512,10.548524,21.459934
22.17339563369751,36.73952579498291,10.554233,21.97721
22.342289924621582,37.349276542663574,10.84519,21.149996
22.20178747177124,37.710877418518066,11.151158,21.586248
21.93535804748535,36.42673969268799,12.016018,22.717726
22.649559020996094,27.494230270385742,13.465477,31.866257
23.665924549102783,20.713239669799805,13.36666,38.077362
23.295153617858887,19.236557006835938,14.258715,38.916615
23.49521780014038,27.879735946655273,14.134976,31.336449
24.63636302947998,30.3313045501709,12.580744,28.4609
25.717888832092285,27.947836875915527,12.674612,30.93662
25.692413806915283,27.279338836669922,13.197112,32.06229
26.966655254364014,26.542821884155273,12.146249,32.81096
26.749513626098633,29.568957328796387,12.229679,30.124472
27.524137020111084,27.31332778930664,11.546239,31.500576
29.084552764892578,27.44890594482422,10,31.046894
29.060359954833984,28.801307678222656,10,31.143719
29.083072662353516,28.39780330657959,10.224319,31.123022
30.068196296691895,27.68249797821045,10.291815,31.889097
29.300602912902832,27.213788986206055,11.044348,32.314667
29.576419830322266,27.7522029876709,11.954475,32.283203
29.945644855499268,28.85858726501465,12.491874,31.749405
29.71657705307007,28.091365814208984,12.552114,32.12473
31.000961780548096,28.928412437438965,12.298903,31.886045
31.73343276977539,28.0926456451416,11.925812,32.637177
33.1967191696167,29.042694091796875,11.394892,31.551609
34.54202651977539,28.479328155517578,12.236313,32.443592
36.4082555770874,28.16547203063965,10.247751,32.341995
36.90652084350586,28.86321449279785,10,32.30197
38.92320251464844,28.564868927001953,10,32.405346
39.73274612426758,27.862672805786133,10,33.30977
40.92045211791992,28.097929000854492,10,33.218864
41.652172565460205,28.494544982910156,10.267653,33.396343
41.050190925598145,29.05687141418457,11.192709,32.878548
42.09209680557251,28.960973739624023,11.4686,33.159912
41.9563422203064,28.885692596435547,12.000577,33.135746
43.16221284866333,27.973987579345703,12.435935,34.47122
44.3833441734314,27.688142776489258,11.774793,34.997894
45.49629259109497,28.446125030517578,11.712974,34.874508
47.828006744384766,27.7928524017334,10,35.165802
47.39318323135376,28.020967483520508,11.249179,34.64666
47.9553804397583,26.301816940307617,10.586493,36.609703
49.41463804244995,25.9586124420166,10.566255,37.317513
50.11347198486328,25.256357192993164,10,37.456467
50.57481622695923,28.49739646911621,10.372745,35.274216
50.74084138870239,26.23100471496582,10.701446,36.792213
51.452316761016846,28.813920974731445,11.520156,34.33718
50.767796993255615,29.68624496459961,13.269185,34.79333
50.95114469528198,29.60684585571289,14.947114,33.950977
50.84428405761719,29.919578552246094,15.542862,34.586056
51.16009998321533,29.4268741607666,16.151213,34.703377
52.1345739364624,30.74648666381836,15.566103,34.371677
54.6152663230896,31.28432273864746,15.110066,34.00026
59.857845306396484,30.806150436401367,10,34.671738
60.47983932495117,31.4891300201416,10,33.810364
61.76796579360962,31.596153259277344,10.002887,34.157734
62.742849826812744,31.8016300201416,10.35815,33.756187
63.3791561126709,31.967273712158203,11.763172,33.628925
63.88180065155029,31.815269470214844,11.133234,33.915905
63.836026191711426,32.33783531188965,12.452749,33.948326
64.06020784378052,32.821109771728516,12.839263,33.682644
64.82712078094482,32.68499183654785,12.971476,33.028374
64.77738571166992,33.0219612121582,13.015312,33.080997
66.26215267181396,33.54128837585449,12.674807,33.061234
67.93444013595581,33.37326240539551,11.992913,33.595917
71.02255535125732,32.51423645019531,10.209482,35.401287
72.275643825531,32.585561752319336,10.6251955,36.637108
73.85802412033081,32.610952377319336,10.238435,36.47666
74.03149795532227,31.440500259399414,10,37.27272
73.94573163986206,27.98727035522461,10.554048,39.882435
75.01432514190674,35.14678192138672,13.221296,34.941654
76.97839879989624,40.03452396392822,12.25607,30.558031
76.56963682174683,36.90484046936035,11.751534,33.665337
78.1961441040039,34.463050842285156,11.692078,35.52319
76.80011796951294,33.52372932434082,12.528579,36.420876
74.99204349517822,36.23655891418457,14.530294,33.96865
78.19919109344482,41.798749923706055,13.116259,28.974174
78.54165410995483,38.1280632019043,13.580823,32.810192
80.77966070175171,35.50162696838379,13.651502,35.0063
81.37203550338745,37.53869819641113,12.943566,33.414734
82.98568630218506,38.83655548095703,11.864412,32.015217
85.57559156417847,36.61415481567383,11.7496805,33.816578
86.94001197814941,33.96309280395508,11.249203,35.941425
87.62480592727661,39.873047828674316,11.318267,30.39982
88.33789443969727,38.41884994506836,11.699188,32.0668
88.78246402740479,38.40321350097656,12.444708,32.661808
87.9377269744873,37.471317291259766,14.111874,33.27004
88.30906105041504,37.494327545166016,18.297367,33.630596
88.53369808197021,37.354156494140625,17.684221,34.305836
89.96444606781006,37.940738677978516,17.655092,34.262676
92.62471961975098,34.974016189575195,16.21082,37.503532
93.97310304641724,34.103721618652344,15.83895,38.17123
94.76674556732178,29.9174861907959,18.39905,42.491493
99.92974948883057,31.32424545288086,20.347792,42.411037
99.12877464294434,29.482173919677734,18.796665,43.900867
99.89081478118896,32.12129020690918,18.342417,42.466278
99.06560611724854,31.264446258544922,18.22737,44.67821
100.07662773132324,29.641284942626953,18.525364,44.97156
100.56342697143555,27.28480339050293,19.037453,47.30893
100.6952543258667,30.144147872924805,19.241282,44.755066
100.40577220916748,31.035743713378906,19.384783,43.753902
100.59079360961914,30.80828094482422,20.007286,44.440334
96.06006336212158,28.40760612487793,22.13722,44.353287
97.66772270202637,29.416223526000977,22.850536,43.74859
97.0154800415039,25.295997619628906,22.256813,47.733425
96.09938049316406,24.285558700561523,24.302101,48.448013
101.86054706573486,31.586992263793945,22.31648,43.40287
104.12954235076904,34.05223274230957,19.556307,40.976723
102.03185272216797,36.59428787231445,20.719398,36.851948
96.52092456817627,37.038991928100586,19.674337,35.508446
97.92117691040039,42.264967918395996,18.777473,29.982222
96.48644542694092,43.70198345184326,17.256739,28.419508
94.86971855163574,44.01749897003174,16.213223,28.838823
94.83561897277832,41.169504165649414,14.7416115,31.124176
95.37239170074463,39.3582878112793,14.190603,33.328335
119.38990879058838,34.643537521362305,15.365881,40.1565
120.17061185836792,32.70854949951172,15.188699,41.220646
120.13944721221924,35.24370193481445,14.655546,39.30824
121.57589054107666,33.84421920776367,14.223181,40.76018
122.30239582061768,32.56402778625488,13.682142,40.76764
121.53994464874268,33.63680458068848,14.193075,40.09059
122.44769525527954,33.66571807861328,13.073405,40.07123
123.48080062866211,34.96235466003418,12.281677,38.736397
122.79597854614258,34.224782943725586,12.857834,38.6373
123.83254766464233,34.37078857421875,11.803777,38.642574
124.21494388580322,38.231950759887695,10.901609,35.469147
124.2110104560852,36.38457489013672,11.521979,37.48823
123.30985021591187,35.41003227233887,12.639363,37.993385
103.25993919372559,45.70773887634277,14.212963,30.281845
