233.0,62.0,22,30
233.89549255371094,59.89484977722168,20.158928,31.337902
234.30023002624512,59.394649505615234,20.383709,31.485458
233.65129280090332,59.156930923461914,21.1013,31.714275
234.18145275115967,58.81573677062988,20.519663,31.734394
234.1103048324585,59.15927791595459,21.34617,31.604105
233.97430610656738,59.575069427490234,21.461788,31.841812
232.92673873901367,59.67421531677246,21.563446,31.668049
233.53868770599365,58.7546443939209,21.133455,31.727161
232.84729671478271,59.67194843292236,21.67618,31.385443
233.30305099487305,59.47167778015137,21.301712,31.727291
234.76359367370605,59.02031421661377,20.496906,31.809324
233.4614143371582,59.4286470413208,21.474945,31.453047
233.3813591003418,58.76526737213135,21.221191,31.676123
233.12293434143066,58.90138816833496,22.031796,31.741245
233.1744327545166,59.197516441345215,21.215229,31.475962
233.3138198852539,59.10788631439209,21.566315,31.77624
233.85238933563232,58.67574119567871,21.013254,31.605114
232.95976543426514,58.67749309539795,21.360987,31.326754
233.4673147201538,58.09480381011963,21.242525,31.793715
232.45641040802002,58.84796619415283,21.548773,31.276617
233.03737831115723,57.996397972106934,21.183956,31.615297
232.9551191329956,58.30990409851074,21.896288,31.411182
233.05063724517822,57.694111824035645,21.11077,31.757803
232.04792976379395,57.94728660583496,22.189259,31.530598
232.30133724212646,57.90773391723633,21.450274,31.566925
231.6775016784668,58.215396881103516,21.658577,31.179855
232.05400276184082,58.14534664154053,21.692959,31.476114
231.83123683929443,57.87063407897949,21.490648,31.390919
231.62345600128174,57.74751567840576,21.775259,31.710901
231.6798038482666,57.64837455749512,20.914448,31.395802
231.01438903808594,58.42789554595947,22.302032,31.119223
232.50603103637695,57.78559875488281,20.921425,31.594833
231.63797283172607,57.60301113128662,21.475306,31.23649
231.5144748687744,57.62468433380127,21.646893,31.302053
231.21445274353027,57.39230918884277,22.072613,31.45
231.9812526702881,57.75876045227051,21.753162,31.282253
232.32162952423096,57.29031562805176,21.585333,31.612667
232.45146083831787,57.49000835418701,21.210688,31.62897
231.99101161956787,57.52413845062256,21.114054,31.4647
231.5084581375122,57.39809608459473,22.23226,31.363544
233.11891746520996,57.03335762023926,21.015102,31.871365
232.69875049591064,58.17834949493408,21.330313,31.517797
232.50506782531738,58.430392265319824,21.231457,31.21383
232.41623401641846,57.94574165344238,21.70133,31.461033
232.71112728118896,57.25114631652832,21.853273,31.666027
231.88419246673584,57.98790264129639,21.9423,31.208597
232.94511032104492,57.19393253326416,21.34684,31.590971
233.64323902130127,58.36091995239258,21.434347,31.549034
232.790189743042,57.787038803100586,21.426563,31.44067
232.3915147781372,58.332183837890625,22.288206,31.409294
233.61353969573975,57.66844081878662,21.141207,31.677446
232.44368362426758,58.73709201812744,21.709373,31.321188
233.2142095565796,58.49387741088867,21.2726,31.630386
234.10385704040527,58.516480445861816,21.099064,31.553709
233.18204021453857,58.94196701049805,21.581835,31.534554
232.6736135482788,58.68622970581055,21.89255,31.465157
232.8257131576538,59.49317455291748,21.679995,31.684763
233.7134838104248,59.65879726409912,20.796963,31.61477
233.81274795532227,59.897178649902344,21.242744,31.825287
234.48566722869873,59.459421157836914,20.748919,31.91084
232.68089199066162,60.090667724609375,22.178118,31.528152
233.8985710144043,60.50508499145508,20.976456,31.786102
233.7362003326416,60.44020652770996,20.597317,31.640102
233.43715286254883,60.56697177886963,20.873146,31.524412
233.11890697479248,60.54137325286865,21.164629,31.612085
234.2470588684082,59.710612297058105,20.72622,31.76111
233.40170669555664,59.60769462585449,20.663116,31.348392
233.70973014831543,59.71409511566162,21.343601,31.485346
233.12788486480713,59.94989490509033,21.419676,31.541815
233.7412919998169,60.01780986785889,21.390768,31.894625
234.3281126022339,59.88699436187744,21.033907,31.726606
233.93303108215332,60.431715965270996,21.248447,31.750322
234.3363914489746,59.834754943847656,20.428001,31.549438
233.66105461120605,60.57754707336426,21.158512,31.21252
233.94439888000488,60.25154972076416,20.974491,31.735418
234.0267562866211,59.75864219665527,20.459587,31.798306
233.6781930923462,59.95400428771973,21.167479,31.501469
233.04259300231934,60.2944860458374,21.110012,31.690294
233.85631275177002,59.522828102111816,20.779776,31.862677
232.4655303955078,60.294907569885254,21.535744,31.63532
233.26907062530518,60.25695037841797,21.229277,31.768982
234.44066333770752,60.07394599914551,19.98783,31.430782
233.35701656341553,60.43064785003662,21.068491,31.538614
234.14685344696045,59.795433044433594,20.433489,31.840134
233.2539291381836,59.912221908569336,21.131584,31.439007
233.20186805725098,59.99534511566162,21.342113,31.854906
233.57960987091064,59.4008150100708,20.553915,31.921827
232.74903678894043,59.96292591094971,21.473934,31.265982
233.80445957183838,59.06835651397705,20.660536,31.677885
233.26406383514404,59.28357219696045,21.544245,31.602259
233.0395917892456,59.48649978637695,21.566187,31.525108
232.81814670562744,59.70612621307373,21.689848,31.68213
232.77573776245117,58.794185638427734,21.619972,31.913185
232.12167644500732,59.319321632385254,22.268496,31.733778
232.3532133102417,59.00567054748535,22.0487,32.115765
233.51865673065186,59.19221115112305,21.711885,32.33039
233.31563663482666,59.13181972503662,21.051954,31.84115
233.42856407165527,59.03273677825928,21.435009,31.866663
232.8385410308838,59.46458435058594,21.374989,31.792656
231.424409866333,60.240623474121094,22.087536,31.486374
232.28532218933105,60.07790756225586,21.630154,31.648735
232.82776546478271,59.4179744720459,21.271952,31.79855
232.60503578186035,60.07954692840576,22.054867,31.699007
233.13439273834229,60.22749614715576,20.898115,31.503275
232.68400382995605,59.761366844177246,20.836246,31.761347
232.23765087127686,59.732770919799805,21.530985,31.528301
232.65815353393555,59.99280071258545,21.585297,31.76517
233.59657287597656,59.42082691192627,21.05133,31.826185
232.02233123779297,59.57213592529297,21.584549,31.546867
231.42078971862793,60.09607124328613,22.526424,31.521557
232.17006492614746,59.36462211608887,21.679424,32.14909
232.64549827575684,59.73780155181885,21.0023,31.986761
231.90391731262207,60.345595359802246,21.779072,31.751795
233.15127182006836,60.04336071014404,20.90992,31.955843
233.22411346435547,59.55407428741455,21.083252,31.915373
233.19204425811768,60.17874526977539,21.462965,31.81549
233.07629680633545,60.45106315612793,21.206331,31.670498
234.13648891448975,59.82829189300537,20.710756,31.971521
233.38630294799805,60.28213119506836,21.183418,31.925507
233.6374216079712,60.10421562194824,21.215757,32.061123
234.33966827392578,60.11452579498291,20.98198,31.876463
234.50175189971924,59.58389854431152,20.902136,32.15559
233.81744861602783,60.504998207092285,21.916029,31.949232
233.9859437942505,60.151227951049805,21.570257,32.06194
235.0313377380371,59.73825645446777,20.623543,32.18073
233.64105701446533,60.65052127838135,21.284407,31.852865
234.78067588806152,59.57481575012207,20.847485,32.040928
233.23243713378906,60.20023155212402,21.414543,32.04041
234.08182621002197,60.12222862243652,21.11363,32.161602
232.99777126312256,60.22987747192383,21.626421,32.055923
234.80842113494873,59.447696685791016,20.752268,32.014214
232.98050212860107,59.7301025390625,21.88939,31.900902
234.92741298675537,59.36382293701172,21.232035,31.904839
233.5422878265381,59.36072826385498,21.846294,31.764704
234.3273630142212,58.52949047088623,21.805967,31.963717
234.21914768218994,58.79557418823242,21.892607,32.172882
234.68538284301758,58.57251739501953,22.019066,32.12258
234.45204067230225,58.71973705291748,21.505022,31.935251
233.61535739898682,58.94152069091797,22.96771,31.975586
233.70493412017822,59.895856857299805,22.107046,32.18012
234.08575534820557,59.46542930603027,21.658125,32.246555
234.68150424957275,59.89158058166504,21.592176,32.148167
234.01565647125244,60.515379905700684,21.397131,31.952837
232.95127201080322,60.99665069580078,21.83447,31.71386
234.83682537078857,60.049726486206055,20.423174,32.07485
233.28071212768555,60.55226230621338,22.087921,31.903135
233.8609209060669,60.01651573181152,21.390516,32.18561
233.62887382507324,59.40265083312988,21.93684,32.33485
233.55186080932617,59.38589096069336,21.596573,32.08731
234.62868881225586,59.65427780151367,21.090675,32.314964
234.15927410125732,59.65820503234863,21.573336,32.333782
234.64866638183594,60.26403999328613,21.337257,32.19968
234.2389316558838,60.555519104003906,21.59808,31.835289
233.7867612838745,60.76444911956787,21.486399,31.847658
233.650728225708,59.767290115356445,21.23647,32.07909
235.03980827331543,59.5412483215332,20.855122,32.220825
234.07587432861328,59.91227722167969,21.330399,32.26467
234.26380729675293,59.00517654418945,21.366665,32.151306
234.2073974609375,59.870384216308594,21.232765,32.096046
233.5916929244995,59.67314052581787,21.493097,31.846964
234.94037532806396,58.81926727294922,20.866007,32.287285
234.47163486480713,59.523380279541016,21.11865,31.899506
232.8594160079956,59.31262969970703,21.639452,32.090874
234.22863578796387,59.132991790771484,21.111233,32.149696
232.8386344909668,59.77292442321777,21.797562,31.88705
233.7953062057495,59.46088981628418,21.335047,32.418644
233.15763759613037,59.6604585647583,21.844149,31.94689
232.95505905151367,59.719900131225586,21.558601,32.090702
233.83141326904297,59.49874687194824,21.592155,32.394016
234.25342655181885,59.685190200805664,21.041319,32.115925
233.8246946334839,58.86023712158203,21.091333,32.40045
234.35599422454834,59.3345890045166,21.39425,32.128246
233.9225845336914,59.70367240905762,21.421028,32.164883
234.28972148895264,59.81357669830322,20.987482,31.995764
234.8218755722046,60.017924308776855,20.788462,31.99042
233.81694221496582,59.01180458068848,20.981861,32.436665
233.8128957748413,60.04854202270508,21.844873,32.14611
234.1225986480713,59.0586051940918,21.355602,32.341835
234.46942329406738,59.3922004699707,21.202389,32.32409
234.2044324874878,59.58015823364258,21.142595,32.08152
234.3112325668335,59.58389663696289,20.912645,32.167976
234.16671085357666,59.54851722717285,21.226614,32.197353
234.23544883728027,59.620553970336914,21.39204,31.863743
234.62560272216797,59.420677185058594,21.087738,32.11621
234.2058448791504,60.6395902633667,21.834297,31.761202
233.8471393585205,59.776140213012695,21.719746,32.429714
234.53952312469482,59.80037307739258,21.101091,32.372078
234.8380002975464,60.0438117980957,21.225847,32.152695
234.90581893920898,60.025461196899414,21.416008,32.0257
234.26397323608398,60.1674280166626,21.216919,31.951452
235.0601224899292,60.10894584655762,20.957842,32.23205
234.0767059326172,60.084747314453125,21.319862,32.37197
235.0010757446289,59.55462837219238,21.245964,32.011547
234.03380680084229,59.49758529663086,21.522993,32.132355
234.5161190032959,59.76287651062012,21.941784,32.1479
235.65968704223633,59.664737701416016,20.955719,32.335968
234.89301586151123,59.63162612915039,21.041994,32.09635
234.89952754974365,59.40637016296387,21.48643,32.32546
234.70267009735107,60.002864837646484,21.061243,31.949425
233.33323287963867,60.47486114501953,21.819221,31.599228
234.66485786437988,59.83560752868652,21.154438,32.20532
234.56301975250244,59.56607627868652,20.983099,32.327625
234.29159927368164,59.31540298461914,20.959679,32.224274
233.72039222717285,60.33699607849121,21.213116,32.010212
234.74692726135254,59.86108207702637,20.886936,32.227283
233.94612884521484,59.6643705368042,21.218391,31.871569
232.70443725585938,59.28670024871826,21.643822,31.762774
233.6155242919922,59.63174915313721,20.961716,31.995436
232.94107818603516,59.51674556732178,21.451271,31.989862
232.92474365234375,58.783470153808594,21.477432,32.34896
233.68539142608643,60.23027801513672,21.582853,31.843674
234.34241008758545,59.52414321899414,20.866983,32.376297
232.63609981536865,59.271657943725586,21.45534,31.859936
233.2932014465332,60.094228744506836,21.483528,32.00086
233.22227382659912,60.18185234069824,21.11484,31.529919
232.9823875427246,60.17694091796875,21.480232,32.26593
233.0564546585083,59.50885772705078,21.404257,31.932846
232.42786312103271,60.458641052246094,21.497332,32.165512
232.67951679229736,59.9437780380249,21.020468,31.987864
231.5014410018921,60.876688957214355,22.132158,31.5609
232.73777198791504,60.037445068359375,21.39349,31.97396
233.27896690368652,60.16773223876953,21.196835,31.953262
232.01847743988037,60.43337059020996,21.819902,31.803959
232.5346851348877,59.670637130737305,21.92345,32.14184
233.78335189819336,59.42671775817871,21.003822,32.30044
233.93282413482666,59.19729042053223,20.68495,32.031437
232.9382963180542,58.738203048706055,21.23282,31.85484
233.62421131134033,58.006792068481445,20.769522,31.737011
234.9335060119629,57.127403259277344,20.436043,32.271255
234.20431995391846,56.181352615356445,20.814993,31.82172
234.85890579223633,54.80027770996094,21.394073,31.838036
232.9832582473755,53.00870704650879,23.426184,32.113873
233.4804573059082,50.33155059814453,23.340538,32.62063
233.67716789245605,49.67397117614746,24.307201,30.770748
235.6393165588379,46.72240924835205,22.451073,30.689802
234.4318618774414,44.109134674072266,24.013618,30.52668
234.1599817276001,42.092652320861816,24.189558,30.109404
234.10152912139893,40.6398811340332,23.717459,29.858345
232.9726848602295,39.12144184112549,23.837116,29.414976
230.81185054779053,36.315914154052734,23.849306,30.256943
230.16731548309326,35.096397399902344,22.371447,30.389915
230.3176031112671,33.908875465393066,21.423983,29.741339
229.86374855041504,33.07686710357666,21.403378,29.586447
229.55794620513916,32.8011360168457,21.865835,29.654305
229.09001541137695,30.75828742980957,22.512154,29.866291
229.41577911376953,29.15293312072754,22.79026,29.901806
229.91807174682617,26.743959426879883,23.071396,29.773281
228.62225818634033,25.329968452453613,22.908316,29.758238
233.2400140762329,21.672524452209473,20.326223,28.717566
241.36787033081055,19.13280487060547,17.550308,26.639038
245.17460536956787,18.744352340698242,16.116907,26.230282
245.2021255493164,18.153380393981934,16.023903,25.62971
224.78350257873535,25.539342880249023,22.489178,27.490368
223.69748878479004,27.795629501342773,22.751026,28.692066
223.4204616546631,30.97654914855957,23.10281,28.871777
225.3051414489746,34.817054748535156,21.692879,28.483665
226.89783191680908,38.78203296661377,19.678434,28.177656
226.49192905426025,41.53734493255615,20.04704,28.849222
226.438627243042,43.0964298248291,20.122227,30.058392
226.03481674194336,44.51371097564697,20.96756,31.08769
223.68990230560303,45.97424125671387,22.982958,31.77615
226.2970552444458,48.878408432006836,20.883375,32.377384
223.6474370956421,51.260215759277344,24.03438,31.847374
226.7390251159668,52.539756774902344,22.110237,32.62638
227.9102611541748,55.996925354003906,21.429188,32.070312
227.36315250396729,57.87433338165283,21.772192,31.62139
229.59045696258545,59.43440914154053,20.97027,31.598131
229.76015186309814,61.79862689971924,20.290861,31.131704
230.7537260055542,64.61956977844238,19.712175,31.025295
229.70396423339844,65.57129955291748,20.385498,30.652575
230.0092487335205,68.03779315948486,20.15829,30.503973
227.73240852355957,69.65437984466553,21.419094,30.268251
228.49461364746094,72.19485473632812,20.305534,30.7706
226.43278408050537,74.2652473449707,21.616732,30.38736
224.6742696762085,76.80230045318604,22.744555,30.907476
224.6188564300537,78.21821308135986,22.221828,31.516066
225.12667846679688,79.89369106292725,22.237312,31.850336
224.04040241241455,80.71150588989258,23.089155,31.696846
223.63132190704346,81.91333198547363,22.875273,31.753025
223.2604742050171,83.51146125793457,22.56492,31.670269
223.09020137786865,84.45997714996338,22.573725,31.45918
224.11443519592285,84.76947021484375,21.78732,31.566528
223.59139251708984,85.18857097625732,22.338676,31.393518
224.7388687133789,85.91373634338379,21.518784,31.413479
223.4626054763794,85.3402853012085,22.534704,31.509562
225.06254291534424,84.33405876159668,21.378439,31.58099
224.37872791290283,84.17928314208984,22.535917,31.416183
225.08164501190186,84.40637874603271,21.814432,31.495043
225.0508852005005,84.49631404876709,21.967054,31.57065
225.31994724273682,85.35760974884033,21.828299,31.646528
225.78340435028076,86.25343418121338,21.574717,31.775412
225.1402359008789,87.30127906799316,22.146454,31.370655
226.3108310699463,88.62562942504883,22.105434,31.963356
227.67589282989502,89.23645973205566,21.947721,32.127926
228.34359550476074,90.51577186584473,21.608746,31.729107
229.81486988067627,90.7941665649414,21.781752,31.98581
231.1101531982422,90.29977798461914,22.230904,32.274704
233.07704734802246,89.85758590698242,22.482372,32.45868
234.7980556488037,88.4566650390625,22.186878,32.95539
235.33674907684326,88.14279174804688,23.59044,32.60421
237.0559377670288,88.3592414855957,23.546831,32.511917
238.08388423919678,86.62716293334961,24.963686,33.629036
242.11641788482666,86.7083683013916,26.912962,35.02319
245.06047248840332,85.4294204711914,26.622204,36.221733
247.4856595993042,84.71237564086914,25.609217,36.649452
250.03246307373047,85.15547370910645,25.155975,35.926006
252.01625156402588,85.03200149536133,24.078878,35.963486
253.0651445388794,83.95207786560059,24.54527,36.201633
254.9840431213379,83.44256782531738,24.418907,35.848003
256.32635402679443,83.75324249267578,24.715097,35.657722
257.76597118377686,83.1105785369873,24.659868,34.646053
259.085467338562,83.10432243347168,25.137957,34.29352
260.4053316116333,82.11425399780273,24.244581,34.437294
262.0646781921387,80.97973823547363,23.330841,35.356075
262.77637481689453,80.62175369262695,22.820091,35.47146
263.1512908935547,80.31666946411133,22.585281,35.880127
263.9813051223755,80.01288414001465,22.120527,35.902058
262.8843479156494,80.28203964233398,22.526073,35.80346
264.1455240249634,79.96764183044434,21.797186,35.383244
263.8777656555176,78.5154857635498,21.995941,35.51202
264.0354232788086,77.71701049804688,21.693565,35.459457
263.88020610809326,75.84259986877441,21.684938,34.791546
263.9588232040405,73.40289878845215,21.88997,33.542896
264.0824956893921,70.30255603790283,21.704287,31.967115
264.4491939544678,65.49221229553223,21.971699,32.546818
264.2942533493042,61.77378273010254,22.836847,32.823727
262.9028568267822,57.786447525024414,24.068127,33.175594
261.8976984024048,54.2203311920166,25.031721,33.455708
247.795184135437,50.968040466308594,26.085909,34.05893
260.2816925048828,49.200937271118164,24.970467,32.87437
261.6751127243042,46.77282905578613,26.951975,32.414173
263.67420291900635,43.224409103393555,23.730726,32.934574
264.9803743362427,41.5518684387207,23.0856,32.30107
264.32963466644287,38.47138977050781,24.289576,33.49922
264.3511838912964,34.28962707519531,24.296053,35.46328
265.824161529541,32.901187896728516,23.95906,35.00068
265.5203161239624,31.514883041381836,24.039003,35.401615
265.01230239868164,31.666322708129883,23.483757,34.576008
265.4283437728882,31.38395118713379,23.836298,34.31676
265.1734914779663,29.037853240966797,23.90819,34.302193
263.55760860443115,29.68943977355957,24.150713,32.518917
262.6065483093262,29.637779235839844,23.65583,32.288017
260.7272434234619,29.47014808654785,23.174526,31.328327
260.83769130706787,29.527259826660156,23.55137,31.112274
261.42376041412354,29.806236267089844,23.835142,32.169044
261.3854064941406,31.484477996826172,24.836784,33.742416
261.762601852417,32.317277908325195,25.517735,35.75842
261.79621505737305,35.993587493896484,25.888985,34.872414
263.37270069122314,38.9150333404541,25.593847,33.257183
262.0708236694336,40.84442710876465,26.788818,33.273632
263.77459049224854,43.19718933105469,25.989286,32.91945
255.89771842956543,43.85268020629883,25.915272,32.581642
261.49100399017334,45.02597618103027,27.357225,33.723347
263.12550926208496,46.84208297729492,27.014706,33.10264
260.8617362976074,49.57668495178223,28.757767,32.98102
261.6403112411499,50.56405830383301,28.23884,33.981365
258.0976266860962,53.537227630615234,28.388342,33.533607
255.434157371521,57.0777473449707,29.605303,33.876503
253.68055534362793,59.32528877258301,30.009602,33.922222
254.37013626098633,61.28392791748047,27.59317,34.9494
249.82177925109863,65.56671905517578,29.028393,34.319046
248.13978576660156,67.71142959594727,28.989548,34.02163
247.76400470733643,71.54313659667969,26.860289,33.91719
245.86377048492432,74.3670482635498,27.25321,33.317387
244.515775680542,76.3278865814209,26.203976,34.08421
241.87371635437012,81.20209503173828,25.066227,32.620598
239.921648979187,82.65540504455566,24.934732,33.154194
239.03943252563477,85.60523796081543,23.595222,33.092808
237.17373371124268,87.23811531066895,23.487082,32.2961
234.59479522705078,89.97533988952637,24.116737,31.455921
232.5724058151245,91.92532539367676,24.128542,31.085285
231.3086051940918,93.92384147644043,23.210335,30.719692
232.8551378250122,93.93539142608643,21.990843,30.745222
230.24300861358643,95.22195243835449,23.395712,30.39513
230.91719913482666,95.56001281738281,22.472013,30.804161
229.80836486816406,96.31933689117432,22.401367,30.375906
229.019775390625,96.16314697265625,22.57666,30.780457
229.98985481262207,95.73170471191406,21.759678,30.54911
228.03280067443848,96.23954677581787,22.968418,30.552607
228.86274814605713,95.57511138916016,21.69293,30.7276
228.41057682037354,96.09103488922119,22.419333,30.775732
228.52290725708008,96.02098178863525,22.030373,30.978773
229.7632246017456,94.36949729919434,21.565523,30.769176
229.05000686645508,91.93721961975098,22.273506,31.115154
230.61675357818604,88.82073879241943,21.87805,31.781122
232.45716190338135,83.62834548950195,21.171347,32.212173
232.82015800476074,78.42004203796387,21.468723,32.23447
233.55188274383545,73.988037109375,21.224321,32.09658
233.62337112426758,70.22716045379639,20.989937,31.328135
233.52754402160645,66.28298282623291,20.566868,31.443678
233.04029750823975,62.0395622253418,20.298174,31.182236
232.16112995147705,58.15155601501465,19.925238,31.4268
230.2602424621582,54.504347801208496,20.335274,31.36841
229.20541381835938,50.543230056762695,20.360977,31.250935
225.43310832977295,47.347900390625,22.54484,30.916893
225.79281425476074,44.67978572845459,21.1647,31.70006
224.7500343322754,43.237162590026855,21.009697,31.026903
223.41839790344238,41.877984046936035,21.174976,30.400091
222.9176950454712,40.25114822387695,20.83232,29.995537
222.76698970794678,39.00735950469971,20.927462,29.707563
221.03722667694092,38.81993293762207,21.756586,29.590977
220.54529476165771,36.59952354431152,22.288286,29.899433
221.84056949615479,36.93636703491211,20.651007,28.998756
219.7417287826538,35.15945816040039,22.157267,30.618256
220.93958568572998,34.03887176513672,22.199137,31.268318
222.5926971435547,33.189454078674316,20.29657,31.178953
223.38836002349854,34.92763900756836,19.490965,29.536888
222.6480302810669,35.645273208618164,20.843428,29.498173
225.6542501449585,37.70686054229736,19.700274,28.678068
224.26230430603027,38.69186019897461,21.77946,29.124672
226.53069972991943,39.27640247344971,21.092829,30.158499
229.99201488494873,42.54237079620361,20.321108,29.772802
230.25584411621094,44.23277187347412,21.97741,30.421808
231.23422241210938,43.872358322143555,24.3525,32.814404
235.46051120758057,48.09580993652344,26.729322,32.480827
237.9308614730835,51.55127716064453,25.558344,33.041138
240.2260274887085,53.69037437438965,24.830744,33.555653
243.178560256958,57.28538703918457,24.85632,33.68414
244.4528341293335,59.95480155944824,26.190416,33.399548
245.70572566986084,62.9754753112793,27.406694,33.276512
248.0967845916748,65.27746391296387,27.083027,33.50774
250.92880153656006,67.02560806274414,26.015345,34.81076
253.77565479278564,70.82848358154297,25.30747,35.21569
255.93037700653076,74.26915550231934,24.758776,35.55064
257.6231918334961,76.86798858642578,25.927017,35.25173
258.7535810470581,78.73434638977051,25.335077,35.738705
258.9108991622925,79.3902587890625,25.508257,36.475792
259.5505599975586,81.77824020385742,25.297447,36.825943
259.64855766296387,84.58183288574219,25.784328,36.8133
259.9760551452637,86.58401298522949,25.619553,36.891125
258.9684171676636,87.8692798614502,26.681307,36.82031
257.6889810562134,89.42398452758789,28.074118,35.618767
258.6957244873047,89.58005905151367,27.10453,35.27495
259.5392818450928,89.77672958374023,26.414165,35.63704
260.7633972167969,89.60296821594238,24.96434,34.702824
259.97813415527344,90.29802131652832,25.282532,34.75436
259.6216974258423,89.95375061035156,26.026678,35.157547
259.77502155303955,89.7031192779541,25.643682,35.07488
259.9515733718872,89.43383407592773,26.081991,35.74124
260.23587703704834,89.58829689025879,25.993341,35.497654
260.4562063217163,89.5538387298584,25.646257,35.31886
261.19647312164307,87.82501220703125,24.832968,35.28105
261.571834564209,86.00258445739746,24.625175,35.653385
262.3274726867676,82.3253288269043,23.870384,34.190414
261.8287057876587,79.03245162963867,24.355284,35.0092
260.69214630126953,73.50549125671387,25.236145,35.214626
262.1167287826538,69.85111999511719,24.261736,34.19851
262.08698749542236,65.80148315429688,25.36746,33.88067
259.70603942871094,58.3575325012207,27.12584,34.954964
240.28099727630615,52.924896240234375,31.00503,36.249977
242.6907262802124,48.58646202087402,30.13833,35.715084
259.8068370819092,39.394548416137695,27.905743,38.56882
262.34613037109375,40.05406379699707,24.640373,34.048466
263.06620597839355,36.19968032836914,24.647984,34.776123
263.82945823669434,32.74148941040039,23.72266,34.835564
263.13874435424805,32.58593940734863,22.627342,33.213085
261.71322536468506,29.672218322753906,23.754969,32.49801
261.3603324890137,28.163125038146973,23.414284,31.868795
261.8814687728882,27.738800048828125,23.047068,32.038544
262.2848644256592,26.891740798950195,23.301777,32.027744
261.89412784576416,26.66838836669922,23.288092,32.440613
262.2170133590698,27.2935791015625,22.993769,32.628372
262.644549369812,27.05752944946289,22.8846,32.68857
262.6796598434448,27.206193923950195,22.325403,32.430904
264.5901470184326,26.599227905273438,22.183788,33.68537
266.3536043167114,27.86992835998535,22.156378,33.204617
268.13852310180664,28.768646240234375,22.215416,33.1306
271.69253158569336,29.536685943603516,22.835022,34.182205
274.2627477645874,31.47085952758789,23.109118,33.181046
278.3724250793457,32.06408500671387,22.706657,33.76173
282.465859413147,31.366172790527344,22.495825,36.010757
285.4974536895752,33.25601768493652,22.625393,35.673626
288.53917598724365,33.69971466064453,23.871462,35.84101
292.91980743408203,34.89987564086914,23.90326,35.582306
295.4769124984741,36.078596115112305,24.024355,33.1656
299.14449882507324,36.35180854797363,23.691708,32.82735
299.75540351867676,36.22060203552246,24.755398,34.129414
302.8829755783081,36.020341873168945,23.870173,34.44347
305.53806018829346,36.10578727722168,23.542448,34.414257
306.24484062194824,35.74941444396973,23.28239,34.60552
306.9363851547241,35.482526779174805,23.635721,34.74474
306.45679092407227,36.359130859375,23.494164,34.432693
305.2294569015503,37.07657432556152,23.606043,34.523685
304.4797763824463,37.657325744628906,23.196796,34.49688
300.4354600906372,37.81411552429199,24.514402,34.068386
298.55381870269775,38.194284439086914,23.776419,33.56963
295.9471788406372,37.20211601257324,23.284254,34.209866
290.66927909851074,37.4148063659668,24.141247,34.5242
289.2334985733032,38.08335494995117,22.891874,33.80287
285.4422025680542,38.196523666381836,23.506723,34.113743
282.0926923751831,38.59870719909668,23.767015,33.361538
277.6891174316406,39.6197509765625,25.412437,32.78134
275.90233421325684,39.151885986328125,25.07378,32.3478
270.51488971710205,39.165740966796875,23.31478,32.434395
267.6386127471924,37.08813667297363,23.180096,33.606464
264.01595973968506,36.340885162353516,24.35544,33.610123
259.75916290283203,34.64161491394043,28.35884,34.68236
258.274245262146,36.11067008972168,29.742296,34.16866
257.6822319030762,34.86433792114258,29.994904,35.291588
255.84332275390625,32.307796478271484,32.044685,37.96656
256.54389572143555,28.189462661743164,32.49315,41.30389
254.81683921813965,33.82020568847656,33.924603,36.858612
248.85202884674072,35.264305114746094,31.84493,35.05844
243.98372173309326,38.68916034698486,26.083292,31.763739
246.4013319015503,37.69051742553711,23.558847,32.192772
236.06576442718506,37.01281929016113,25.226908,32.112362
236.52963733673096,35.21985626220703,24.88291,33.91237
230.19497680664062,32.56844520568848,28.401146,34.24561
230.98967170715332,37.66310691833496,24.766964,30.216808
227.90681552886963,38.52577781677246,24.62203,28.497356
227.47187900543213,38.788702964782715,22.562628,28.081293
225.7529420852661,39.334153175354004,22.701178,29.109816
223.7620964050293,38.32601451873779,22.154602,29.617281
221.87505912780762,36.56539249420166,23.324177,30.47643
222.72578239440918,39.254502296447754,20.744846,29.05612
218.877947807312,36.95945453643799,22.370798,30.886755
220.033221244812,37.476985931396484,20.74106,30.70906
218.90547847747803,36.83850860595703,20.657175,30.211601
215.44604301452637,37.48845291137695,22.203999,30.3153
215.2659912109375,36.185709953308105,20.764442,30.632303
214.94906616210938,35.86637592315674,20.212029,31.262007
215.15646362304688,37.55963706970215,19.940956,30.830563
214.14720821380615,37.714003562927246,20.266512,31.152826
214.62549209594727,37.36185073852539,19.834106,31.315636
214.60832691192627,38.16385746002197,19.614508,31.14594
214.61012840270996,39.4371862411499,20.019909,31.254023
214.73362731933594,40.72453308105469,19.962753,32.6446
215.51846981048584,42.262203216552734,20.015047,33.38266
215.36072635650635,46.92938804626465,19.89083,32.28079
215.0670623779297,50.9001579284668,21.049736,32.225334
216.35382843017578,55.91913414001465,19.159935,31.865612
218.29434204101562,60.78408145904541,18.430199,31.823095
217.73040866851807,65.45836448669434,19.21729,31.114902
218.37348461151123,71.13821411132812,19.240046,31.037186
217.91633701324463,75.71689701080322,20.268225,30.857069
219.24375247955322,80.12508869171143,19.49642,31.485006
219.9313840866089,85.00366878509521,19.61661,31.691797
218.16469955444336,90.39157772064209,20.976501,30.90832
218.90953540802002,95.0468921661377,20.955534,30.489231
218.7385597229004,97.862473487854,21.839622,30.233152
216.78895568847656,100.09354019165039,22.48825,30.067505
216.09759140014648,101.25587177276611,22.062637,30.5119
215.9601535797119,102.56117534637451,22.030659,30.450327
216.2567777633667,102.97618961334229,21.580683,30.628767
215.96198081970215,103.78657054901123,21.691196,30.826685
215.6822919845581,103.42953109741211,22.073862,31.211548
215.59537029266357,102.63402462005615,22.483881,31.285357
217.60208892822266,101.3830919265747,21.54181,31.20722
216.74105072021484,101.28631210327148,22.120422,31.092827
218.83409595489502,99.59546852111816,21.318327,30.954525
220.51135349273682,98.54852771759033,21.53617,30.764547
221.9266653060913,97.25524997711182,21.525331,30.726843
223.88693618774414,95.55614280700684,21.39064,30.580235
227.7952537536621,94.85634517669678,20.561127,30.556902
231.6053113937378,93.5753231048584,20.199945,29.80566
235.02833652496338,91.72177505493164,20.52271,29.721489
238.59398078918457,89.02994441986084,21.317074,30.423944
240.27354621887207,87.16360664367676,22.506023,30.985523
243.3366470336914,85.18525695800781,23.909317,32.33103
248.76633739471436,84.36877632141113,26.556528,35.526493
252.57872676849365,82.57475471496582,26.60509,36.660183
255.94952392578125,81.54630088806152,26.820053,36.422443
258.51734733581543,80.15470314025879,28.011082,36.900066
260.07836055755615,79.4990348815918,27.73865,37.317146
261.0333013534546,79.61080551147461,26.811922,36.753807
263.0328950881958,79.55088233947754,24.511282,36.3278
261.02749824523926,78.4829158782959,26.940014,36.998653
265.88339614868164,78.30751037597656,24.217903,35.84842
268.32941341400146,76.92033386230469,24.1756,34.520584
270.33483028411865,76.48127555847168,22.494028,33.72257
272.4473295211792,77.94925117492676,20.795938,32.786015
272.4987745285034,77.98138999938965,21.657015,32.793842
273.3964614868164,78.21145629882812,21.466911,32.887894
273.17402744293213,77.44156646728516,21.877829,32.815483
272.6687936782837,77.57247924804688,22.034819,33.044884
271.6319456100464,77.66219520568848,22.642504,32.518063
272.364200592041,77.50933837890625,21.621025,33.11373
272.04760551452637,76.87131118774414,21.379383,34.933495
271.384801864624,77.65056800842285,21.360958,35.827343
270.9564390182495,75.50647163391113,21.375574,38.175724
268.19644927978516,74.59200859069824,22.779953,38.40624
264.5002956390381,73.8960189819336,25.62077,38.542946
262.68100357055664,73.45691680908203,28.447815,39.508614
262.05409717559814,72.18610572814941,29.789396,39.17145
262.5519046783447,71.82853317260742,28.977024,37.565063
261.0946378707886,70.77785110473633,27.335604,37.585785
260.6270179748535,70.73119926452637,26.208633,37.38731
255.14982795715332,71.12596893310547,28.255436,37.233376
253.2761354446411,71.9965934753418,28.2507,34.972443
240.60649490356445,69.33343887329102,28.14405,34.614876
241.21954917907715,70.11146545410156,26.051685,33.41365
238.52572345733643,69.00516510009766,25.332434,33.66797
236.7785301208496,69.7313117980957,24.431313,33.334007
234.79428958892822,70.50870704650879,25.3626,32.70039
234.22209930419922,70.8577709197998,25.163078,32.55083
233.3887128829956,70.20037078857422,24.87086,32.704376
232.57626342773438,70.08495330810547,24.72934,32.806145
231.49458122253418,69.47730827331543,24.324024,32.629597
230.63399410247803,69.01254272460938,24.017061,32.339584
228.23017120361328,67.81943321228027,25.229263,32.649662
229.05883121490479,66.19218826293945,23.91577,32.038086
226.6095485687256,64.72633171081543,23.521427,32.425793
227.90548038482666,64.94992256164551,21.935766,31.411343
227.02413272857666,63.16953945159912,21.82408,31.179049
227.51402473449707,61.803836822509766,21.059414,31.032562
225.98743152618408,59.84308052062988,21.379835,31.208813
226.54718208312988,57.02724361419678,20.065922,31.111269
224.06485271453857,54.788254737854004,20.642504,30.74034
224.38396453857422,53.682687759399414,20.199493,30.475414
222.2309169769287,52.184810638427734,21.043812,30.023048
219.7971715927124,49.97571849822998,22.505175,30.530321
218.25872325897217,47.864070892333984,23.249147,30.927551
218.40031337738037,46.547879219055176,23.37353,30.961134
219.25182342529297,44.70397663116455,22.389511,31.128042
219.14171695709229,43.14705276489258,22.5035,30.720665
219.2537136077881,40.73425102233887,22.702663,30.836338
217.8402452468872,38.578495025634766,23.618658,31.167747
219.33587169647217,38.155625343322754,22.058207,30.089582
219.6702470779419,37.8180627822876,21.998655,28.811094
217.73137664794922,37.10099411010742,23.329819,27.95887
217.97510623931885,35.91142749786377,23.301443,27.70455
219.1660680770874,35.61025047302246,21.480272,26.815098
216.611967086792,31.566040992736816,23.794666,28.750906
218.72158813476562,31.082834243774414,22.604935,28.263721
216.3004264831543,28.84518051147461,24.125656,28.54338
217.42889213562012,27.573957443237305,23.579731,28.556568
217.60622596740723,28.3975772857666,22.924572,27.649273
217.61962699890137,28.061070442199707,21.814404,28.024694
217.13468170166016,28.60539436340332,22.520966,27.936298
217.5567970275879,28.308825492858887,22.26455,28.49634
216.54193878173828,28.87549114227295,23.065361,28.694033
216.6365852355957,28.927865028381348,22.912407,28.288473
217.41136932373047,29.851475715637207,21.898232,27.874945
216.86922454833984,31.15904998779297,22.22834,27.267494
217.628399848938,30.63919734954834,21.888296,27.388407
217.64664936065674,31.41205883026123,21.185308,27.207827
218.10555839538574,32.30264854431152,21.143734,25.964664
216.9138641357422,33.19233226776123,21.695755,25.972406
218.4442481994629,33.70821475982666,20.985878,25.046339
218.01123809814453,34.761834144592285,21.190277,25.19943
216.35759449005127,32.00534534454346,22.6313,28.060278
218.48504829406738,32.55801010131836,21.60149,27.261093
217.69486141204834,33.01548671722412,21.810068,27.642008
217.49179553985596,32.621718406677246,21.915915,29.010576
217.5706548690796,32.79850769042969,22.881624,28.964851
218.97411918640137,33.35231971740723,21.914982,29.739132
219.7844648361206,33.68401622772217,22.949259,29.594202
220.54086589813232,33.91420269012451,22.038507,29.91112
222.94178104400635,35.34201908111572,20.646383,29.549871
223.35265064239502,37.037357330322266,20.567968,27.246613
222.5548324584961,36.8382453918457,21.060669,28.104721
223.4261770248413,36.60621738433838,20.467669,29.15328
223.67456150054932,36.380531311035156,20.355444,30.602974
224.48139572143555,38.0515251159668,19.711227,31.873505
225.94912815093994,38.8321533203125,19.005598,33.730034
225.34686851501465,40.26652908325195,20.07967,34.443657
226.40070915222168,41.79743766784668,20.640163,34.336124
226.6649408340454,41.352834701538086,23.053701,34.02947
225.8090353012085,39.57631301879883,26.961443,33.34233
225.0587797164917,35.89650917053223,28.076616,35.012905
231.84422779083252,34.928871154785156,27.283583,34.51761
238.65541648864746,33.18758583068848,26.775051,35.15086
242.0712375640869,31.86689567565918,25.913258,34.431637
246.4985589981079,28.80438995361328,25.51444,35.0914
248.61319541931152,25.848852157592773,25.991734,36.1797
252.24934101104736,24.397064208984375,29.002386,35.557198
254.6149139404297,23.532371520996094,28.7099,35.782158
253.2262897491455,25.38470458984375,28.600346,33.8088
251.66272068023682,24.788511276245117,29.401525,33.722065
256.07984256744385,24.373193740844727,26.216055,33.5816
254.3169651031494,24.065454483032227,27.252384,33.186596
256.9534101486206,23.973051071166992,25.037477,32.675648
256.62528800964355,23.064918518066406,25.235584,32.9617
257.0912961959839,22.908294677734375,24.96454,31.997581
257.90772342681885,23.586071014404297,24.305182,32.013
257.21699714660645,22.459735870361328,24.594662,32.405968
257.3586950302124,23.352998733520508,24.872911,32.98878
257.1873321533203,23.671533584594727,25.140526,34.02669
256.1826162338257,23.111034393310547,25.641947,34.85965
256.50795555114746,23.55031967163086,25.930584,35.627716
253.7005319595337,24.26821517944336,29.292921,37.587692
253.09510612487793,26.851083755493164,29.980824,38.14188
251.12084197998047,28.25725555419922,33.335114,37.515663
250.35992050170898,27.901447296142578,34.778084,37.904114
252.64152336120605,30.506088256835938,33.61359,37.04493
250.49285125732422,27.25051498413086,35.631195,39.333527
247.46361923217773,29.912076950073242,32.503197,37.47627
225.73041248321533,35.930442810058594,28.894178,29.267067
221.29109859466553,33.25371170043945,29.47606,31.122467
221.31317234039307,36.75022220611572,24.709524,28.253935
223.82400035858154,35.90737342834473,20.895258,27.900494
222.55117988586426,35.576157569885254,20.146275,27.268904
221.7069149017334,35.53262996673584,20.189732,25.987123
220.2566728591919,32.444828033447266,21.339056,27.287796
221.58398246765137,31.271726608276367,20.823765,28.035809
222.3177719116211,30.43161964416504,20.02253,29.142338
221.29197692871094,29.842222213745117,20.911064,30.327091
219.94668579101562,30.166146278381348,21.970642,29.821333
222.71228218078613,30.903427124023438,20.091518,28.692833
222.26652717590332,31.545631408691406,20.600826,28.724907
222.26922035217285,32.173072814941406,20.209522,27.424538
223.8398494720459,33.1340217590332,19.792553,26.917175
224.85366916656494,33.09272575378418,19.6948,26.166943
223.89988708496094,32.15855693817139,20.97535,26.599283
224.66838550567627,32.32650566101074,20.352125,27.575405
225.66243934631348,34.59025287628174,19.997478,26.387587
225.67539405822754,35.6218786239624,19.397099,27.447504
223.80318069458008,37.46277141571045,20.969566,27.629747
223.0418577194214,36.972493171691895,21.117022,30.858404
224.23793601989746,39.530089378356934,20.387974,31.188486
221.83169651031494,43.16736602783203,21.967878,30.50776
222.50191593170166,47.02187919616699,20.342703,30.522297
223.21024799346924,49.88085174560547,19.585089,31.346214
222.47477912902832,53.937615394592285,19.581402,31.15618
223.0910520553589,57.626986503601074,19.080378,31.028345
224.00017642974854,60.928836822509766,18.654356,30.937195
225.58510303497314,63.38062000274658,18.324614,29.908308
225.4110689163208,64.11459255218506,18.808455,30.107096
226.65570735931396,63.496479988098145,18.749033,30.751448
227.63200855255127,63.87356662750244,18.395384,30.47325
227.83588314056396,63.84814643859863,19.025103,30.642956
226.21258354187012,64.76504421234131,20.994198,30.622026
227.48926258087158,65.14034080505371,20.336653,31.145504
225.21078968048096,63.95941734313965,23.026083,31.601574
227.87010765075684,62.398441314697266,21.50887,31.927979
227.0782585144043,60.0468864440918,22.41352,30.881271
229.9462423324585,56.350144386291504,20.682604,30.547667
230.47156429290771,51.29853439331055,21.659098,30.564827
231.52294063568115,46.6090087890625,21.688326,30.211021
229.73954963684082,43.82736015319824,23.84248,29.764942
231.9356346130371,40.26054096221924,23.864006,30.544088
233.9526023864746,37.7349910736084,24.031166,31.302166
234.28070259094238,38.62663650512695,23.8204,31.280724
233.686993598938,38.80217361450195,23.752851,31.571266
234.53036785125732,37.66812324523926,21.467714,32.300472
233.65398693084717,38.22093200683594,22.426332,33.425636
233.74716758728027,37.970489501953125,22.866222,32.547134
233.79269409179688,37.466169357299805,22.78978,31.339947
234.84310054779053,36.84669780731201,22.047327,30.584856
235.37249374389648,35.104928970336914,22.28289,31.217419
233.66413021087646,34.553072929382324,22.68371,31.478167
234.0941162109375,35.10671138763428,22.732758,31.181353
234.08413887023926,35.106202125549316,23.246517,31.234747
235.27851009368896,34.199490547180176,22.133364,31.142637
235.4450330734253,34.16622447967529,22.933748,31.323801
235.65121269226074,33.92763710021973,21.717716,30.284222
235.40462112426758,34.60251426696777,21.853806,29.19196
236.06542205810547,34.9237699508667,21.544876,28.513987
237.38879108428955,35.41236591339111,20.385397,27.638952
235.89445877075195,34.96205425262451,21.538689,26.901644
235.32329273223877,35.898319244384766,21.309195,26.643616
237.87874126434326,35.71517467498779,19.363573,25.98195
233.7673740386963,35.366355895996094,22.654377,25.86538
235.64316272735596,34.69550132751465,20.962507,26.965824
235.53331470489502,32.03089141845703,20.669752,28.267014
235.7200746536255,27.754878997802734,21.680677,30.599243
237.172926902771,27.739830017089844,20.082445,30.10579
242.36519145965576,27.976123809814453,17.59852,28.918633
242.9284553527832,26.995176315307617,19.911987,27.862476
229.00922679901123,1.1386470794677734,24.368517,31.301853
227.07105827331543,2.158627510070801,23.90363,27.967337
225.90133380889893,1.015028953552246,24.941496,28.958971
226.49377918243408,1.960749626159668,25.348692,28.545351
227.8516845703125,2.296359062194824,23.80523,27.16376
227.6702585220337,1.1404399871826172,25.167494,26.58369
229.58429622650146,-1.049220085144043,24.733393,27.613256
231.32918453216553,-1.7074089050292969,24.314997,25.69072
232.1222448348999,-1.7374687194824219,24.85554,24.630386
232.30036640167236,-2.0683393478393555,24.323996,24.540113
234.5231056213379,-1.7271795272827148,22.319237,23.81439
235.93489360809326,-0.5361337661743164,19.144266,22.81183
234.28018760681152,0.35544490814208984,18.361095,22.805986
235.83357334136963,-0.3588886260986328,18.153532,21.812328
235.1710786819458,0.2822847366333008,18.063719,21.77757
234.24548435211182,-0.2939281463623047,18.556112,21.746113
235.0448932647705,-0.2825956344604492,17.7625,20.652975
235.50567245483398,-0.02221393585205078,17.362236,20.23475
236.86502647399902,-0.41390228271484375,16.85252,19.417122
236.76086902618408,-0.3352184295654297,16.93669,19.579792
237.73630142211914,-0.8112773895263672,16.971298,19.632244
237.3568468093872,-1.1866559982299805,17.086348,19.115316
235.74651908874512,-0.16287708282470703,17.966854,19.72629
236.60309219360352,-0.7554893493652344,18.202782,20.199669
235.00764656066895,-0.8265285491943359,19.47842,21.307163
237.8218126296997,-0.6114025115966797,18.403082,21.093899
236.5739336013794,-1.315744400024414,18.421255,21.755642
236.1776876449585,-1.343388557434082,17.58668,21.418612
237.3805112838745,-1.3959894180297852,16.705294,20.125933
239.33579397201538,-0.7912788391113281,15.603452,18.730003
240.99440336227417,-1.276845932006836,14.105271,18.024235
241.6596360206604,-1.2579317092895508,13.072345,17.583681
241.3120312690735,-0.569732666015625,13.258204,17.023918
241.8074016571045,-0.4921255111694336,12.723984,16.910692
241.65102291107178,0.02228832244873047,12.829,16.75844
241.4975085258484,-0.6392402648925781,12.737325,17.13401
241.8425817489624,-0.10754013061523438,12.847055,16.827843
241.76202726364136,-0.8522529602050781,12.798417,17.221497
241.66278266906738,-0.31025123596191406,12.714783,17.049595
241.68052196502686,-0.7610206604003906,12.705725,17.313873
241.37200212478638,-0.3502349853515625,13.170291,17.054287
241.7783923149109,-0.30705833435058594,12.849889,17.04523
241.77545022964478,-1.2084360122680664,12.569369,17.634882
242.40224742889404,-1.1258440017700195,12.707628,16.661333
242.37411499023438,-0.27155590057373047,12.535549,16.282396
243.18369150161743,-0.0711832046508789,11.870002,16.103659
242.72062873840332,0.19806480407714844,12.344887,16.332977
242.88227939605713,-0.45677852630615234,12.547289,16.94082
242.26844930648804,-0.32383155822753906,12.792405,16.976082
242.2247133255005,-0.6391887664794922,12.835012,16.994095
242.6807951927185,0.05938434600830078,12.436032,16.61352
242.29699230194092,0.031228065490722656,12.584711,17.12871
241.53412437438965,-0.21151065826416016,13.577511,17.359022
239.40330982208252,-0.4701662063598633,15.292444,18.506945
238.4615044593811,-0.5573568344116211,15.508101,19.841978
237.62349128723145,0.02580547332763672,15.826744,19.930346
237.3621482849121,0.3123607635498047,16.038792,19.651928
236.59913730621338,-0.24485015869140625,16.223017,19.729576
237.42828702926636,-0.00421142578125,15.749028,20.007011
236.93643426895142,0.6309032440185547,15.804313,20.03992
237.34268379211426,0.33581066131591797,15.85849,19.801348
236.18304443359375,0.10785675048828125,16.28973,20.672592
236.9067702293396,0.06683921813964844,15.662057,20.46394
236.8708896636963,0.3015708923339844,15.9692,21.34449
235.14344596862793,0.06563949584960938,17.3936,22.334625
234.25242233276367,-0.18508529663085938,18.483616,23.312263
233.8405294418335,-0.20350170135498047,19.948774,23.297796
233.14113521575928,-0.2504997253417969,20.730635,24.053726
234.23614120483398,-0.37242794036865234,21.191624,23.599615
232.65635204315186,-0.3623218536376953,22.968313,24.081043
231.7110071182251,-0.7782993316650391,23.895784,24.967213
229.80306339263916,-0.4539918899536133,25.315638,27.447504
245.74246788024902,29.39853286743164,19.272415,29.790825
246.35823440551758,30.987974166870117,18.92416,28.847591
246.2276496887207,31.74921226501465,19.216892,27.843472
247.02153968811035,30.40218734741211,18.522003,28.434555
245.8202543258667,30.68418788909912,19.99037,28.375788
246.7030544281006,29.855731964111328,19.580482,29.223671
247.80541896820068,29.638821601867676,19.485464,29.711988
246.95357608795166,29.78797435760498,19.640467,28.805124
247.6067066192627,29.204635620117188,19.647972,29.5896
248.1330337524414,28.13587760925293,19.50668,30.40028
246.42449951171875,27.773388862609863,20.549519,30.85333
245.7508430480957,28.14776039123535,21.414349,31.28812
245.23591709136963,27.83288860321045,21.807749,30.955515
245.04735565185547,27.80979061126709,22.046635,29.827066
245.5682830810547,27.661334991455078,21.13245,30.373672
245.52821350097656,27.148703575134277,21.408802,30.191492
244.6288938522339,25.97851848602295,22.635344,30.294909
245.22265911102295,25.809340476989746,22.218924,30.042475
245.03208446502686,25.19037628173828,22.5025,29.862587
246.2817726135254,25.403244018554688,21.36208,29.300049
245.9918918609619,24.33927059173584,22.58722,29.143991
246.31135749816895,24.439024925231934,22.26873,29.356447
245.77542209625244,23.109609603881836,23.219904,29.958576
244.79697513580322,24.18405818939209,22.937738,29.076967
245.3828182220459,23.189403533935547,23.243828,30.380936
243.7441234588623,24.254904747009277,22.687225,29.292147
243.46468448638916,22.85130786895752,23.50294,30.895224
243.40438842773438,23.586551666259766,23.539608,30.92694
242.41638946533203,24.048763275146484,23.899258,31.211655
241.32697200775146,24.01581859588623,25.823797,31.747858
241.5332489013672,23.86741065979004,24.362041,32.24297
242.66934299468994,23.574169158935547,24.363176,33.303986
243.65913200378418,24.601619720458984,23.115875,30.610352
244.7434206008911,24.91430377960205,20.668367,29.556288
243.18735790252686,23.098034858703613,20.963705,30.515715
241.57616996765137,26.487775802612305,19.635712,25.616116
241.3798589706421,25.486154556274414,20.762564,27.492313
241.56403827667236,23.97007942199707,22.324411,28.898403
243.19210052490234,27.242947578430176,23.53683,27.535002
244.13252067565918,23.70953369140625,23.640724,31.568771
245.7455348968506,26.858187675476074,24.185234,28.338259
245.97543334960938,23.04625415802002,22.145115,30.579649
245.97653102874756,23.998814582824707,20.635435,30.059072
245.65346813201904,22.77247905731201,19.28906,31.018305
244.56875896453857,23.905513763427734,18.195135,29.22422
241.98326206207275,23.136293411254883,18.78271,29.706287
242.81089782714844,24.5055513381958,18.505527,28.638578
242.3446807861328,23.034354209899902,17.885426,29.120714
242.11595344543457,20.70935821533203,18.75869,30.220947
243.12360858917236,18.773202896118164,18.513376,29.919666
244.6534185409546,16.45214557647705,18.280386,28.339766
245.69206714630127,13.111603736877441,18.809092,30.56294
246.98129844665527,10.464566230773926,18.363258,30.80853
247.74696350097656,6.687697410583496,18.945263,31.310053
248.98318767547607,5.607010841369629,18.5557,30.357992
249.57284450531006,5.427605628967285,18.198378,29.054419
248.90234756469727,3.9299497604370117,19.704014,29.683565
248.82187461853027,5.698585510253906,18.647888,29.294312
247.43842697143555,6.524694442749023,20.38934,29.447994
248.4866828918457,5.917421340942383,19.191105,30.07558
217.8083028793335,25.41604518890381,29.801504,25.161783
217.8441390991211,26.512341499328613,28.299809,28.50569
219.55526542663574,25.903648376464844,28.667702,29.647728
220.36128520965576,26.415292739868164,31.378683,29.161625
218.41701889038086,26.9364595413208,33.548763,30.448698
219.60551071166992,26.61673641204834,32.11717,30.145067
217.59167671203613,27.2720365524292,33.685898,29.575975
219.6260643005371,26.953947067260742,32.09788,30.018452
216.3415012359619,28.55857563018799,34.489594,29.320456
217.6254711151123,27.658019065856934,33.092384,29.935366
216.88175773620605,21.27651882171631,32.38813,30.810183
216.85035514831543,30.457179069519043,33.59269,28.41305
215.9491424560547,21.08951187133789,32.75799,32.320496
216.67158317565918,30.60806369781494,31.69513,30.05953
216.32189559936523,6.863039016723633,28.563221,33.189137
214.90283966064453,6.750297546386719,22.243916,32.685745
208.41014289855957,4.757841110229492,16.856796,33.110523
199.02106475830078,5.395255088806152,15.917103,29.327532
197.87771892547607,3.7397756576538086,16.30731,30.492136
197.01898193359375,5.35569953918457,16.00172,28.188824
197.05533599853516,4.66318416595459,16.440266,28.547655
196.65551471710205,3.7280988693237305,16.249811,28.639078
196.67712879180908,3.076253890991211,16.156488,27.06454
196.2668228149414,1.1539192199707031,15.841099,28.61953
195.9408826828003,1.2106103897094727,16.501127,28.951292
196.51808738708496,1.2784929275512695,15.503525,27.139372
196.84186267852783,0.3735218048095703,15.698473,28.959286
197.92696571350098,-0.23789024353027344,14.878342,28.533138
197.3144268989563,-0.6354560852050781,15.273952,27.931137
196.7612428665161,-1.032501220703125,14.943781,27.024605
196.17213535308838,-0.9033212661743164,14.564913,25.991808
195.05368947982788,-0.18352127075195312,15.51587,26.337074
194.84559679031372,-0.11777973175048828,14.831546,26.074976
193.76527404785156,0.0315704345703125,15.225315,27.013794
194.32672882080078,-0.769129753112793,14.791271,26.099524
194.3724250793457,-0.546534538269043,14.111485,25.984213
193.71813821792603,-0.49756622314453125,13.535514,27.421188
193.59328508377075,-0.1600961685180664,12.877254,27.468798
