201.0,61.0,32,54
199.45606231689453,62.13677406311035,33.248093,49.458233
199.13988494873047,64.1760025024414,33.360214,48.122253
199.74055862426758,61.54126739501953,32.5888,50.37227
199.22880363464355,61.72063446044922,32.713413,49.943466
199.89118576049805,60.9201545715332,32.490166,50.580177
199.39330101013184,60.66556930541992,32.19028,50.435036
200.15331268310547,61.694034576416016,32.113388,49.949623
199.56522941589355,62.44926834106445,31.948338,49.456932
199.5758924484253,61.22742462158203,31.683786,50.648224
200.5626401901245,59.748573303222656,31.80108,51.836456
200.062406539917,61.650691986083984,32.815983,49.56388
200.01229095458984,62.657602310180664,33.113846,49.544765
199.96756553649902,60.65484046936035,32.408115,50.93066
200.22093772888184,61.2761173248291,32.405354,51.250225
199.62070655822754,61.509803771972656,33.214993,50.911926
199.89279174804688,60.723052978515625,33.386383,50.904724
199.2935085296631,61.631784439086914,32.938465,50.35243
199.339448928833,60.36293411254883,33.27653,50.687416
199.91804313659668,62.03063774108887,33.521168,49.528965
199.69864463806152,61.26355743408203,34.00577,50.255737
199.12279319763184,62.57476615905762,33.756,49.26627
199.29052352905273,60.65917205810547,33.414467,50.32007
200.5898952484131,61.97968673706055,33.083317,49.87336
200.85478591918945,59.702470779418945,33.45855,52.296215
202.19794464111328,62.77339744567871,33.73764,48.967426
202.2995662689209,60.73612022399902,34.87531,50.740223
203.08338928222656,62.17881774902344,36.141235,48.56781
202.7030906677246,61.17055702209473,37.612877,49.6965
202.15411186218262,61.0810432434082,39.64551,49.771996
202.75186920166016,60.9158878326416,40.720566,49.703976
202.99610900878906,60.094295501708984,37.68454,50.35372
202.37182998657227,58.91966247558594,37.03669,51.691055
201.41920852661133,57.86820602416992,36.15679,53.42965
203.03106880187988,57.14479446411133,33.462948,53.909492
201.66591262817383,57.841169357299805,32.786522,54.211124
201.62526893615723,58.82525825500488,33.120617,53.497387
202.52281951904297,57.97558403015137,33.018936,53.157017
202.25693702697754,58.166038513183594,34.48126,53.018387
203.6453037261963,57.03955078125,32.999737,54.096313
203.3607883453369,56.778106689453125,33.89973,54.46898
204.61211776733398,57.068063735961914,33.83898,54.57121
202.8434181213379,57.480735778808594,34.514153,54.614655
203.51040649414062,57.249441146850586,33.922028,54.0125
204.29166412353516,56.91137886047363,33.564407,54.030087
204.50888442993164,56.682125091552734,34.04026,54.7145
204.8326015472412,56.80691337585449,33.88622,53.446827
204.95614624023438,56.68667221069336,34.30237,54.150627
205.4008903503418,56.92965316772461,34.92237,53.879402
205.77093124389648,57.33700370788574,35.775414,53.77692
206.24873733520508,56.70631980895996,34.7145,53.72022
205.4349308013916,55.897268295288086,34.381283,53.891224
205.2956142425537,56.14500617980957,34.252445,54.81059
205.7353057861328,56.68999481201172,33.715958,53.744415
205.38571548461914,55.94854545593262,33.23208,54.022602
205.75601768493652,56.1479434967041,34.340733,54.701504
206.39057159423828,56.522905349731445,33.854996,53.897457
205.64498710632324,56.385353088378906,34.02631,54.364807
205.63092803955078,56.16748809814453,32.92769,53.601425
205.7797565460205,56.40449523925781,34.174313,54.522095
205.76996231079102,56.84657669067383,34.389854,53.93136
205.16238021850586,56.35772705078125,33.926704,54.045364
203.9027328491211,56.39972114562988,35.30156,54.326595
204.12672233581543,56.58285140991211,35.12882,53.859703
203.56087112426758,56.521240234375,35.561302,54.307983
202.45585441589355,56.08207321166992,34.84377,54.823082
203.17852020263672,56.00652503967285,33.088776,54.86987
201.95837211608887,56.249786376953125,33.0219,55.16887
201.25918769836426,56.11140060424805,32.74908,54.893974
197.99132347106934,56.031511306762695,33.963596,54.957638
197.1542263031006,56.16611099243164,34.182392,55.11756
194.67304229736328,55.97823524475098,33.640778,55.100414
193.15359687805176,56.11825370788574,33.306545,55.363636
191.00809288024902,56.04162406921387,33.228382,55.16506
189.7716464996338,55.926740646362305,33.04739,54.595432
189.0769386291504,56.54709434509277,33.49021,54.174503
187.29761505126953,56.76699638366699,34.13504,53.81954
184.92833518981934,55.87899589538574,33.946064,54.779057
183.816312789917,56.22307205200195,34.56571,54.288506
180.65186882019043,55.296926498413086,34.434055,55.43572
179.7425594329834,54.847524642944336,35.100117,55.48389
178.21942138671875,54.901865005493164,35.39261,55.34811
176.82899475097656,54.74942588806152,35.153793,56.05881
176.69411659240723,54.46111488342285,34.17448,55.446957
174.00983047485352,55.172964096069336,34.757774,55.48624
175.27989196777344,55.28330039978027,33.767303,54.665348
175.5763168334961,55.298988342285156,32.824326,54.397964
176.21791648864746,55.84505271911621,32.57784,55.381153
176.33896350860596,55.75643730163574,31.871496,54.50983
176.49859809875488,55.97628974914551,32.21623,54.45001
175.25835990905762,56.445905685424805,33.02965,54.486897
177.51750946044922,56.08552360534668,31.066864,53.982456
176.2128620147705,56.10681915283203,32.66946,54.2146
177.94070529937744,55.99814033508301,31.670149,54.569622
176.79467010498047,57.0760383605957,33.114365,54.272392
178.80955123901367,56.71760940551758,31.558083,54.38572
177.833984375,57.41121292114258,33.094543,54.113853
179.82275867462158,56.993350982666016,31.958471,54.61834
179.2193374633789,56.78998565673828,33.252136,54.705414
181.09872245788574,56.399526596069336,32.97153,54.4511
181.60430335998535,56.561866760253906,33.032528,54.553314
184.26036834716797,56.60707664489746,32.447144,54.720554
186.21064376831055,57.84495544433594,32.344322,54.16478
188.23906135559082,57.37592697143555,32.61349,53.981102
188.01101112365723,57.43501091003418,33.946545,54.355442
190.72673416137695,56.620155334472656,32.979576,54.35057
191.97653770446777,57.43693923950195,33.3261,54.141853
192.42841339111328,58.21689224243164,33.352234,52.680992
192.87887573242188,58.02426719665527,33.65399,54.028645
195.43313217163086,57.47854042053223,33.96943,53.56982
197.06975173950195,57.461368560791016,33.404427,54.744957
198.58474349975586,57.13283920288086,33.14434,54.72648
199.56082344055176,56.79920768737793,33.932873,54.544224
201.52110862731934,56.96512031555176,33.85973,54.49409
204.10728073120117,57.27698516845703,33.799583,54.285294
204.618501663208,57.802995681762695,34.228024,53.25491
205.76419830322266,58.278032302856445,34.589523,53.233746
206.1658763885498,58.36937141418457,35.395573,53.094326
207.92824935913086,57.65610885620117,34.808434,52.844444
209.66947746276855,56.21243667602539,34.15952,54.11872
210.4621524810791,56.93998718261719,35.763912,54.469574
212.72124862670898,57.48087120056152,35.405586,53.362843
213.31856727600098,56.11905288696289,34.871532,54.2463
215.12041664123535,57.302669525146484,35.20332,53.508644
215.61094284057617,55.39960289001465,34.97451,54.809147
215.81609916687012,56.517852783203125,36.390842,54.72606
217.84396934509277,57.6937141418457,36.376316,52.447685
218.5494613647461,57.09321403503418,36.451828,53.699894
220.65477180480957,57.203413009643555,36.425274,52.589893
222.52928161621094,57.27372169494629,37.351807,52.641354
222.99363899230957,56.93666076660156,37.45901,52.175735
225.57614135742188,55.94885444641113,37.410736,52.491894
226.5805892944336,55.51907920837402,37.86615,53.297764
227.00941467285156,56.15105628967285,37.81375,53.263668
228.26099586486816,56.030046463012695,37.548046,53.2655
228.59872436523438,56.337167739868164,37.588516,52.804302
229.09184455871582,55.24614906311035,37.856457,53.457348
228.5374927520752,55.851457595825195,37.79858,53.267513
227.97271728515625,55.70694351196289,38.23947,53.12171
227.90232276916504,55.80923271179199,37.649883,53.45525
227.13752937316895,54.66625213623047,37.71272,53.455307
226.52679252624512,55.64906883239746,37.99535,53.82671
226.4294490814209,55.62043571472168,37.90662,52.7179
223.99573516845703,57.06711196899414,40.136414,52.09736
224.17521286010742,55.11522674560547,39.600334,52.873337
223.88065147399902,54.03313064575195,40.526554,53.03109
223.80578231811523,55.13626670837402,39.551414,52.60808
223.59682083129883,56.35286903381348,40.22799,51.55897
224.20159912109375,55.34072685241699,40.215134,51.707005
221.59459114074707,55.590070724487305,41.27888,51.76488
222.95595932006836,55.935237884521484,39.308098,51.86364
221.80167198181152,56.32379150390625,39.298054,50.89354
223.1455249786377,55.31074523925781,35.59405,51.80182
223.07242012023926,56.7333927154541,33.1589,51.398006
222.14577102661133,58.53389358520508,34.48841,49.62539
222.9910659790039,59.051570892333984,33.9368,48.604164
222.93567657470703,58.88112449645996,32.786285,49.148502
222.74719047546387,58.678001403808594,33.08025,48.56349
222.41087341308594,59.07736015319824,32.959747,49.10291
223.0944480895996,58.57630157470703,32.372337,48.897995
220.9496307373047,59.52639961242676,34.75685,47.793102
220.56417655944824,60.043006896972656,34.66628,47.289078
220.2216510772705,59.74899482727051,33.928432,47.231716
219.60015869140625,60.51698875427246,34.272736,46.713184
219.9466552734375,60.80986404418945,33.5477,46.31295
219.8349494934082,61.65689277648926,33.98797,45.49809
219.8733673095703,61.97140884399414,33.51326,45.14962
221.19653129577637,61.41571617126465,32.162678,45.419025
220.86274909973145,62.24558448791504,32.127117,44.0706
220.8372344970703,62.185489654541016,32.35327,44.995506
220.81756973266602,62.643388748168945,32.18136,43.853695
221.10919761657715,61.713111877441406,32.50954,45.239395
220.7621841430664,63.197011947631836,32.09111,43.325962
221.04561805725098,63.06631660461426,32.07774,43.568523
220.81905937194824,63.547664642333984,33.536808,43.318428
221.88728713989258,63.96705627441406,32.31983,42.119766
221.74195861816406,64.53993225097656,33.37169,42.001312
222.64226531982422,64.39756202697754,32.7816,41.43211
221.8512477874756,66.45769500732422,33.465214,39.713562
221.5028476715088,67.07075119018555,33.828365,39.224968
222.79541397094727,64.93370819091797,32.124733,40.556503
222.2170181274414,66.39973449707031,33.459976,39.106674
222.40443420410156,66.84435653686523,33.285645,39.412804
221.52505493164062,67.94472312927246,33.47844,37.457737
222.02106857299805,66.63723564147949,32.956856,39.338535
222.5537166595459,66.5154800415039,33.777363,39.59282
222.60971641540527,66.875244140625,33.395145,39.09442
221.73724555969238,68.4579849243164,34.475582,37.568604
221.37513732910156,67.1807918548584,33.501984,38.937107
220.92582321166992,66.06556510925293,33.57499,39.746876
220.3919448852539,64.91289138793945,32.558075,41.49569
219.5569076538086,64.01915168762207,32.818893,42.06175
219.87152481079102,64.09012794494629,32.678627,42.072384
219.32524871826172,64.02873229980469,32.784195,42.06279
219.19111251831055,66.04491233825684,33.263847,40.00507
218.71438026428223,66.31697463989258,32.69676,40.241478
218.1642246246338,66.12518310546875,33.315487,40.46585
218.03095817565918,66.5990219116211,33.106037,40.20674
216.78124523162842,64.96646308898926,31.870691,41.455303
216.70472717285156,68.95492362976074,32.370605,37.426807
216.85601139068604,66.04166221618652,30.801329,40.6731
215.54978561401367,69.6694564819336,32.25283,37.374176
215.1486291885376,63.119258880615234,29.656324,43.932274
212.6737575531006,68.83864784240723,33.676,37.70222
211.92293453216553,64.47856140136719,31.516283,42.490646
210.80042171478271,66.53617286682129,31.538576,40.93983
209.47841358184814,67.39480590820312,30.664389,40.161194
208.74937629699707,70.2563304901123,32.507214,37.006763
206.8726100921631,69.07805252075195,33.060093,38.76371
206.220778465271,70.34924697875977,31.388887,37.086464
204.3481502532959,66.92361640930176,32.644276,40.47903
202.61971473693848,64.93278694152832,30.246975,42.773403
201.9397850036621,67.21716690063477,32.59069,40.053185
199.6873836517334,67.77765083312988,31.841846,39.881878
199.40083503723145,68.55177688598633,32.58839,39.315086
195.7405128479004,70.29069137573242,34.35137,36.751472
192.45607376098633,70.84330368041992,36.128853,36.275276
189.42797470092773,70.00291442871094,35.727867,37.26837
189.26138496398926,70.29454231262207,35.549862,37.231365
187.52515411376953,68.15520095825195,36.372147,39.63978
185.3130588531494,66.46524047851562,37.070995,40.756348
184.33170890808105,66.31537437438965,37.994312,41.16901
182.09333038330078,64.39663696289062,38.910797,42.89943
180.2248077392578,64.47607612609863,38.07689,42.18661
175.9358959197998,65.03777503967285,40.9903,41.005047
179.98178100585938,63.26550483703613,38.476562,43.953518
180.4795970916748,65.66885757446289,38.6514,41.879677
181.76821899414062,65.33429527282715,37.742203,41.908848
185.3292121887207,64.85345840454102,35.845894,42.335
186.84929656982422,66.3257007598877,35.651535,40.89314
188.9791603088379,66.00631332397461,32.77633,41.70292
191.37738609313965,67.93124389648438,32.387043,39.58429
193.31605052947998,65.57846641540527,31.835184,42.49779
194.978515625,64.90752792358398,31.888916,42.953117
196.87601852416992,62.80811309814453,31.735664,45.373352
197.39336109161377,63.79387092590332,31.667898,45.460308
199.12485027313232,60.06973838806152,30.634623,48.445454
199.3280324935913,61.29104042053223,31.79616,46.941967
199.54390144348145,61.33902931213379,32.652813,47.22633
200.26512908935547,60.3264045715332,33.737244,48.52944
201.3495044708252,59.81661033630371,33.372524,47.885456
203.25115966796875,58.56492805480957,32.52733,49.533398
204.85266494750977,58.26582145690918,32.110786,49.873768
206.45599555969238,58.43627738952637,31.786861,49.603397
206.88287734985352,58.9094295501709,32.233955,49.530506
207.61259841918945,58.324729919433594,32.77207,49.937057
208.35100936889648,57.93269348144531,32.96087,49.691635
208.88819313049316,59.229888916015625,32.57887,48.54683
209.58850288391113,58.26520347595215,33.102123,48.929035
209.152174949646,60.02114295959473,31.856478,48.057186
208.8300666809082,58.2921085357666,32.939354,48.97201
208.44885158538818,59.566715240478516,31.96358,48.468803
208.78286933898926,57.629446029663086,32.69607,49.887104
207.75686645507812,58.7376708984375,33.144577,48.552826
206.60523414611816,58.18109321594238,33.759945,49.031216
206.12652206420898,57.59418296813965,33.312447,50.327625
205.66171073913574,57.07268142700195,34.06818,51.081215
203.15617179870605,56.15703773498535,36.328342,50.82388
203.56629943847656,56.0385856628418,36.797882,50.989265
202.7099666595459,55.61104202270508,38.166294,51.56359
202.64141464233398,55.6862735748291,38.518425,50.750286
201.95508575439453,53.83654594421387,38.92952,52.101673
200.94323348999023,54.62264633178711,44.65455,52.307793
198.56417274475098,53.09396743774414,43.708096,53.350822
200.85222053527832,51.77336311340332,43.57388,54.239956
198.39310264587402,52.30641174316406,42.248524,54.241913
198.58490753173828,51.899085998535156,44.234787,54.541016
199.24005699157715,51.15843963623047,47.307056,54.60382
199.1721019744873,51.97894287109375,50.614445,54.258728
195.55039024353027,51.09760093688965,55.042255,55.17568
193.61317443847656,51.279541015625,55.673462,54.919968
195.27651023864746,51.41804885864258,55.890934,55.223717
193.33501815795898,51.16966438293457,57.291832,55.200237
192.2698040008545,50.07328224182129,58.27448,56.13557
187.39191436767578,49.394853591918945,62.411743,57.414593
190.4862575531006,48.466562271118164,63.078617,57.142483
187.94502067565918,49.73537635803223,61.578587,57.381176
192.38958549499512,46.195404052734375,63.766376,58.561478
190.9276351928711,51.150949478149414,53.61386,55.872753
194.07880783081055,48.718448638916016,56.77694,55.978325
191.407865524292,49.767276763916016,56.318943,55.766563
193.4860496520996,49.957942962646484,55.96308,55.282158
196.70192527770996,50.1970100402832,51.66579,54.767815
198.4499225616455,50.4244384765625,48.2124,53.632263
199.7292137145996,50.233638763427734,45.141426,53.507347
199.34962272644043,50.87417221069336,48.762333,53.227272
200.63146209716797,50.47525978088379,47.23427,53.414516
199.0364170074463,50.25466728210449,47.789913,52.996143
201.88484001159668,50.27538871765137,46.28066,53.498005
199.54755020141602,50.03118705749512,49.716225,53.161366
201.83895301818848,50.16335678100586,48.881695,53.170418
204.85205268859863,49.28417778015137,48.84791,53.745716
208.40206336975098,48.623613357543945,48.644833,54.202923
213.22425270080566,49.074806213378906,45.079205,54.682068
217.4237174987793,47.60855674743652,44.67347,55.485172
219.8615894317627,47.91495132446289,43.2624,54.88108
223.91664505004883,47.09997367858887,41.375008,55.32587
224.17460823059082,46.372894287109375,44.80337,55.62491
224.35824012756348,46.466064453125,42.09103,55.566345
226.77045059204102,45.18189239501953,41.85441,56.06685
228.90105056762695,44.90043067932129,40.743156,56.227947
229.51684188842773,44.56612205505371,41.127357,56.704792
231.17780303955078,46.1002140045166,39.806458,56.142162
230.9100742340088,44.292354583740234,41.02824,56.56382
232.87967681884766,45.811588287353516,40.22165,55.784172
232.09462928771973,45.19274139404297,40.78271,56.552567
231.85515785217285,46.461252212524414,40.73692,55.433468
230.10571098327637,45.464956283569336,39.99851,56.375217
229.4131851196289,44.624765396118164,41.562515,56.19206
228.2376766204834,46.30769348144531,41.538074,55.91519
226.74329376220703,46.235843658447266,42.2229,56.19381
224.8424415588379,47.004743576049805,41.28916,55.39992
223.35162925720215,46.76348686218262,43.46468,55.88863
222.09852981567383,46.76909255981445,42.880974,55.287514
220.30627250671387,47.922895431518555,41.98247,55.192127
219.61396598815918,46.89175987243652,43.627415,55.526005
216.4013557434082,47.495962142944336,41.043633,55.194935
214.54500579833984,48.47756576538086,42.564926,54.9851
213.55410385131836,48.7374324798584,43.3742,55.333073
211.55060958862305,48.30982971191406,43.502922,55.33162
208.78725624084473,48.89366340637207,46.22546,55.11137
208.98616218566895,49.58034324645996,47.385265,54.3859
206.94604110717773,50.46290588378906,49.827095,54.084778
207.39542770385742,50.57172966003418,48.77825,54.193073
205.39850425720215,52.115285873413086,45.20827,53.22019
205.72179222106934,52.57392501831055,44.6229,52.89187
207.2272434234619,53.677547454833984,36.840298,52.54705
207.0265293121338,54.51821517944336,33.884197,50.827827
207.9505443572998,55.653255462646484,32.4679,50.972527
206.74739456176758,57.370880126953125,33.510384,48.455353
205.28940773010254,59.057804107666016,35.330288,46.37783
204.36351203918457,58.9920597076416,35.841976,45.939022
201.6104221343994,60.69011116027832,38.72215,44.500362
199.99819564819336,59.877729415893555,41.576073,44.92394
196.55835342407227,58.523324966430664,46.045967,45.679104
202.32233238220215,58.29692840576172,40.51357,43.776962
198.21698188781738,58.50175666809082,44.505108,43.734264
194.39650917053223,58.15909767150879,53.196133,44.87904
195.40762901306152,45.77216148376465,55.097996,53.416553
200.0728759765625,40.729698181152344,58.194595,54.05063
212.35704231262207,51.22724151611328,57.526134,51.65811
213.77947616577148,55.12949752807617,53.779427,48.55944
218.2383270263672,53.373897552490234,50.639694,48.495735
217.8544406890869,37.538957595825195,52.278637,59.88844
200.52873992919922,51.731435775756836,56.411423,51.329594
190.23659324645996,52.55193328857422,53.907124,48.753433
216.75860214233398,53.180885314941406,49.802513,47.850876
218.17833137512207,56.997793197631836,48.851925,45.685963
218.4889678955078,57.618600845336914,45.413315,44.538326
219.32229042053223,61.896610260009766,43.08874,40.394127
218.78371238708496,64.56295013427734,42.98572,38.96364
218.16585731506348,64.2598762512207,43.592373,39.124123
217.02726364135742,65.92686462402344,44.04885,37.638885
215.53345108032227,66.31113243103027,43.958076,37.67171
214.42214965820312,63.66252517700195,42.37439,39.431114
214.72614669799805,64.74400329589844,42.37603,39.207138
208.5261058807373,63.97735023498535,47.146748,38.507626
215.10791969299316,55.91013717651367,49.357388,41.380653
215.88619422912598,45.41371536254883,51.91984,52.649437
206.97138595581055,59.10493278503418,57.53974,45.013233
202.37677764892578,62.434722900390625,52.393112,40.934677
194.2949333190918,62.0172233581543,54.69732,40.47027
185.70546531677246,61.83432960510254,44.889988,41.326885
182.18657875061035,65.95107078552246,40.920406,37.032307
177.42449188232422,64.18160820007324,39.536896,36.62833
185.99867057800293,69.02413845062256,37.02306,31.12311
186.17562675476074,68.64938163757324,38.873844,30.391163
187.236722946167,67.80122947692871,33.033848,30.466068
189.41228580474854,65.93206882476807,27.673697,30.416693
190.59353828430176,67.12432098388672,28.78352,27.781502
190.49125289916992,65.23399925231934,27.37542,28.183094
192.585205078125,64.73805904388428,29.959938,28.606142
193.90353393554688,62.59221363067627,31.074387,30.146421
196.57594871520996,63.024932861328125,37.73023,30.212639
199.99411010742188,63.247419357299805,43.730072,37.25105
201.27779388427734,63.41784858703613,44.89383,40.145115
203.17095756530762,64.59438896179199,48.855106,38.84367
205.85943794250488,62.1758918762207,49.35519,40.971466
203.81656455993652,57.240352630615234,50.33402,45.597305
215.34420013427734,48.38949966430664,50.62039,52.19629
209.65563011169434,57.93880081176758,49.15122,46.73076
212.0453052520752,57.255584716796875,48.59062,44.991234
215.72149467468262,61.41523742675781,44.359898,40.777397
219.28795623779297,61.40706825256348,42.461884,39.86043
222.23646545410156,64.38700294494629,37.364273,36.910908
222.15312576293945,64.61676788330078,34.53544,36.04133
220.7358341217041,64.90001487731934,30.823666,35.947536
220.45217037200928,65.63674545288086,29.620394,34.922577
220.5485725402832,63.398542404174805,31.469582,36.16676
219.0299530029297,63.56529426574707,34.00096,37.39902
217.01199340820312,65.54172706604004,36.854813,36.68807
215.39483642578125,64.08390235900879,40.221985,38.080585
213.70409202575684,62.96717834472656,41.20772,39.117638
212.5522861480713,62.80749702453613,39.27081,38.920383
210.07125091552734,63.35004997253418,42.636444,39.197475
207.33089447021484,62.561899185180664,47.41748,39.800465
202.9321002960205,56.66814994812012,54.13751,45.070156
198.12831115722656,58.43405723571777,58.31285,44.314083
194.72991943359375,53.75093460083008,59.84149,49.0681
194.19843292236328,54.626142501831055,55.09346,46.085033
195.36553955078125,53.36199378967285,52.145676,47.526264
195.2284927368164,49.964067459106445,50.516693,49.62531
194.92568016052246,50.53331756591797,52.076252,49.61521
196.80818939208984,53.44366264343262,49.198837,48.092846
200.17118644714355,54.0391960144043,45.512043,48.559418
199.6033420562744,55.357736587524414,47.469967,47.834263
199.74741744995117,52.865333557128906,46.590126,48.18322
197.26478004455566,53.088890075683594,47.68916,49.20318
198.43288803100586,53.879032135009766,47.525,49.53578
196.1873073577881,53.395931243896484,50.531406,49.77127
194.59909057617188,52.19924545288086,51.84767,51.319107
191.78837394714355,52.742727279663086,53.64371,50.36836
190.59507369995117,51.13679504394531,51.971703,50.998024
193.02462577819824,49.35735511779785,48.795063,52.743015
192.20167350769043,51.659189224243164,48.796253,49.600315
191.7723560333252,51.50971794128418,46.897778,47.86059
190.55991172790527,51.4950008392334,46.617542,46.915966
187.89514923095703,49.68508338928223,51.251892,50.570072
187.38718032836914,48.82480812072754,48.63703,46.81899
187.4072723388672,51.819671630859375,50.41504,45.603752
187.65472793579102,51.94001007080078,48.864677,45.715004
189.75793838500977,53.034278869628906,48.7703,45.61747
193.20781707763672,54.179752349853516,48.509598,44.12999
197.74671173095703,53.36669921875,45.170517,44.59324
202.0038833618164,59.28092002868652,48.404663,42.071255
219.29951095581055,49.607866287231445,50.475914,50.52512
203.88216400146484,57.681325912475586,62.01538,45.07716
206.00497245788574,52.261735916137695,62.108494,48.58846
202.06879425048828,52.1965217590332,65.40704,50.411865
205.27869033813477,49.07450866699219,64.34278,53.73118
204.27548217773438,53.83465385437012,65.36333,49.930935
198.8961009979248,55.278615951538086,63.44762,48.863262
210.29666137695312,50.470598220825195,60.473312,50.113804
208.92182540893555,54.88296318054199,61.53907,47.834286
202.61709022521973,56.57109832763672,62.14854,46.359398
202.010347366333,52.21083641052246,62.01919,48.70254
205.4632968902588,56.90689659118652,61.332577,45.845974
207.62914848327637,53.5424919128418,63.160892,48.144974
203.77588653564453,53.14858818054199,52.638504,49.35557
200.54619026184082,48.665578842163086,53.41296,54.57867
190.70379829406738,50.933767318725586,48.678463,51.945705
192.18520545959473,49.93917465209961,47.530605,51.732483
193.90200424194336,49.39594268798828,46.0169,52.41085
197.41159057617188,49.19960403442383,43.927155,53.499054
198.02686500549316,50.364620208740234,46.056713,53.432007
199.03021812438965,53.73103904724121,41.365635,50.1544
202.30005836486816,54.81382942199707,38.582745,49.469273
202.15391540527344,57.02436065673828,38.93036,46.2987
201.82610511779785,59.179391860961914,38.821484,44.745625
202.83200645446777,59.90156555175781,37.9462,44.06983
204.92966270446777,62.43436241149902,36.37261,41.13313
207.31995391845703,62.952802658081055,37.27617,40.427013
210.1921272277832,61.46228790283203,39.338737,41.012123
211.83672714233398,60.77455711364746,38.519295,40.929974
213.8202667236328,64.99675941467285,33.08029,36.891132
213.5533275604248,67.16845703125,33.19054,33.542885
213.7055606842041,68.31306648254395,33.880398,32.279987
214.10963821411133,69.57466888427734,33.18299,30.594933
215.99438858032227,70.07627582550049,30.471611,31.054792
215.91647815704346,69.92434978485107,27.831205,31.573618
216.83151245117188,70.15773963928223,28.096367,33.08601
218.23342323303223,70.37205696105957,27.446812,35.066288
218.5428991317749,71.7444953918457,26.893229,35.38182
218.33477306365967,72.40014839172363,27.409395,36.721294
219.09066009521484,72.31290626525879,27.625298,38.25764
220.26322078704834,73.12895774841309,29.246744,40.911427
221.0230894088745,72.42527770996094,28.025347,41.316315
221.06247329711914,72.23017501831055,28.152786,38.20852
221.90610122680664,74.57970428466797,27.80252,39.60588
222.18137454986572,76.35052490234375,26.746511,40.66237
220.5421895980835,73.3551254272461,26.336283,42.82335
219.13928127288818,74.54312515258789,26.485361,42.21534
216.59000873565674,74.27845573425293,28.040998,42.71445
214.19446277618408,73.98660278320312,29.739332,42.560944
211.53776931762695,77.08836364746094,31.657806,40.153732
209.69433212280273,75.26973342895508,32.020813,40.617332
206.722562789917,77.93271255493164,33.515057,37.86033
202.83667373657227,77.78386116027832,35.790497,37.343
198.90371894836426,77.41765403747559,39.03789,38.94878
196.5850944519043,78.33830070495605,39.576385,37.68285
195.92226791381836,76.4627571105957,41.056595,38.91723
194.32072639465332,78.85163879394531,42.161808,36.373795
194.66581916809082,76.1782455444336,42.42409,38.231873
194.14892387390137,76.58987236022949,44.02609,37.342213
192.904541015625,75.72407531738281,43.492104,39.26274
191.85983657836914,74.58584213256836,43.401657,39.61898
190.3798999786377,74.45989418029785,44.523212,39.05203
190.26692962646484,74.24094200134277,44.108498,38.358295
190.3094940185547,75.13306617736816,45.88714,35.896862
188.2722682952881,72.7789306640625,46.386883,37.344635
188.33029174804688,73.91629219055176,44.653282,36.13612
188.35946464538574,74.4094352722168,41.58256,36.14759
188.23798179626465,73.40563011169434,40.210857,36.955265
188.3890838623047,73.72222518920898,39.57569,36.174355
187.55390167236328,74.7236499786377,37.961235,34.974957
188.611177444458,73.50120735168457,36.327717,35.326656
189.71737480163574,74.28652763366699,36.745617,34.177876
189.43107414245605,74.40349388122559,36.8094,34.792896
189.99118423461914,72.6440315246582,39.591187,37.327644
191.32443809509277,72.80713081359863,43.391354,36.75639
192.52545738220215,72.61244201660156,44.309338,37.075287
194.77153778076172,73.25852966308594,42.903618,36.472977
200.59971237182617,73.71305084228516,49.031723,36.49344
205.97308921813965,71.78066635131836,45.63206,37.978127
208.84400177001953,71.46867561340332,47.770287,38.24545
209.86652183532715,71.37991523742676,42.845364,38.979916
210.84771919250488,72.04404067993164,45.39684,36.915657
206.9826259613037,69.61945533752441,44.014446,38.15434
205.6549415588379,69.65727996826172,44.0867,36.10521
209.4159336090088,66.32772445678711,43.84447,36.653908
204.92851638793945,68.30398750305176,43.981766,34.18594
202.91831970214844,68.81354331970215,43.110847,33.569553
204.1286106109619,63.00305938720703,42.668934,37.36612
199.95114517211914,61.00069999694824,44.21965,36.26096
198.8137493133545,62.576128005981445,48.873226,32.632977
198.4158000946045,59.829206466674805,51.12855,33.30776
197.51463508605957,57.90499496459961,50.15256,35.203773
199.51078414916992,56.86509323120117,49.542725,35.178368
195.69125747680664,57.27493858337402,50.610107,36.50945
195.32397079467773,54.627113342285156,45.990143,39.67325
183.16984939575195,61.004844665527344,49.392715,37.849426
166.31427192687988,53.51081848144531,44.488438,44.03537
163.12213897705078,48.940025329589844,40.99984,47.29338
165.1663646697998,48.52467155456543,40.665127,46.010136
163.31845092773438,44.607479095458984,41.38102,46.290627
162.44748878479004,46.54125785827637,38.676167,48.468662
163.36010551452637,42.9626579284668,38.453274,50.652153
166.40314483642578,41.653337478637695,40.963753,51.929134
167.93250274658203,40.4057559967041,42.871574,51.666775
167.3278923034668,40.806251525878906,44.5067,50.151337
166.41870880126953,41.7308235168457,45.572105,50.25155
167.94518852233887,39.859344482421875,44.859875,50.344055
167.208740234375,38.27145576477051,45.56684,47.719448
163.69384956359863,36.294498443603516,43.76125,47.057854
170.48541831970215,43.926870346069336,39.478664,45.044285
172.70292854309082,38.44166946411133,40.022877,47.346443
168.89716720581055,45.50857734680176,40.13983,43.03445
172.54282569885254,37.788339614868164,38.683887,47.573772
169.6506805419922,36.247182846069336,39.807274,45.88225
170.2144260406494,32.0322265625,39.98554,45.12738
161.82370567321777,33.210060119628906,41.225185,45.8058
162.75952339172363,29.21430015563965,41.632572,52.4464
162.0981903076172,33.12586784362793,42.45318,48.24471
164.61609840393066,30.321578979492188,42.478794,52.59868
156.83438682556152,27.541118621826172,40.934093,52.30709
159.81094932556152,27.17732048034668,38.409237,53.032856
159.53982543945312,34.47485542297363,41.503334,44.409573
151.99348258972168,26.865537643432617,39.897045,51.532307
146.31385612487793,27.72569465637207,39.36381,47.92111
151.05774688720703,25.65966796875,34.56794,51.44861
146.93211936950684,28.15764045715332,37.580334,47.995358
140.8431854248047,24.367528915405273,38.634346,45.142765
134.65503883361816,26.77422523498535,39.76122,41.166073
139.08524894714355,25.794376373291016,37.44665,43.69178
137.47011375427246,25.388883590698242,38.625942,43.409885
134.05927658081055,27.144407272338867,39.970734,41.94408
137.72290420532227,26.074302673339844,38.20607,42.445816
139.9983139038086,26.2592830657959,38.563744,42.773945
132.90911674499512,24.03557586669922,42.41534,44.183075
136.71996307373047,24.343608856201172,39.044685,46.084602
133.73834228515625,27.916942596435547,38.532448,42.357384
140.52521896362305,26.945634841918945,34.967896,41.61526
139.333345413208,26.227783203125,37.909702,41.915222
139.3695182800293,27.260177612304688,37.39888,40.761353
140.86700057983398,28.773258209228516,35.452133,39.01522
142.65539741516113,27.762348175048828,33.789906,40.181602
144.26246643066406,28.84463882446289,33.562096,39.1081
142.2301483154297,27.795406341552734,34.64875,39.243156
144.1668701171875,30.291309356689453,33.22358,37.4114
145.0686435699463,32.512956619262695,32.59815,35.366817
144.6485948562622,29.09162139892578,31.362883,38.036896
145.2240390777588,30.4232234954834,33.2255,37.198414
144.39105987548828,33.24471855163574,32.802574,34.162968
145.69653129577637,27.907806396484375,31.147564,38.70054
143.57036018371582,29.145126342773438,34.626087,38.018074
141.56582069396973,25.987817764282227,34.78635,40.40224
141.8925952911377,26.079910278320312,36.277637,42.666267
137.62994194030762,29.22218894958496,37.919765,40.388912
142.32860374450684,28.319231033325195,35.460567,40.167942
134.80759048461914,29.33620834350586,35.862396,39.06317
144.4451904296875,27.23787498474121,32.438377,40.270382
142.60369491577148,33.688880920410156,33.857056,34.565468
144.60030269622803,31.771631240844727,31.489725,35.53818
145.87108612060547,31.813737869262695,31.240974,34.98229
145.06251525878906,33.68622398376465,32.841347,34.335796
145.27723503112793,31.982622146606445,31.501232,35.040714
143.39037895202637,34.82453536987305,33.12402,32.897797
144.9030418395996,33.35476875305176,31.061188,34.27863
144.8922233581543,32.22828674316406,32.22371,35.544716
143.36917877197266,31.740219116210938,32.63598,35.03695
145.34993171691895,33.27058792114258,31.38477,33.66153
144.06743049621582,27.69348907470703,33.169193,38.408096
142.07417488098145,29.211544036865234,34.596836,38.260704
139.119047164917,26.12834358215332,35.1981,39.852856
145.97036743164062,23.219120025634766,35.174263,43.284645
140.27711486816406,23.978595733642578,34.104195,42.332283
147.20907974243164,22.80101776123047,34.337357,45.13344
143.34184646606445,24.187028884887695,32.73819,43.452892
145.90861129760742,26.600555419921875,32.88707,41.364426
145.4136848449707,29.856863021850586,33.629196,38.442326
144.16156196594238,30.53302574157715,32.235615,37.198063
146.10128593444824,33.77031707763672,31.488018,34.29306
145.19947624206543,33.45244598388672,31.458157,34.710342
145.03620624542236,30.496381759643555,31.433393,36.703907
144.56494140625,32.05817794799805,32.69581,35.824806
145.8398323059082,33.31341361999512,31.975204,35.043003
144.53722381591797,29.777362823486328,31.717537,37.568367
146.12342739105225,33.03450584411621,31.764917,34.446247
144.87312507629395,33.47588920593262,32.28211,34.730305
144.82694625854492,27.60747718811035,32.024124,39.448154
144.69780349731445,33.68417549133301,32.669327,34.805225
144.55340576171875,26.965627670288086,32.26838,40.160313
144.6673355102539,33.09480667114258,32.614082,35.10116
145.99425983428955,25.297204971313477,31.97061,41.613575
145.6078586578369,26.445222854614258,33.321644,41.25693
142.19940567016602,26.019760131835938,35.044083,40.41308
144.528902053833,25.846031188964844,34.48473,41.850777
141.8805923461914,26.526315689086914,34.83808,39.663486
145.03440856933594,24.751060485839844,35.03675,42.6063
139.7405891418457,27.102035522460938,35.28293,39.302025
145.04686546325684,24.068967819213867,35.056545,42.360302
139.67622756958008,29.060108184814453,35.058044,38.895752
140.9855670928955,25.56949806213379,34.612446,40.64574
142.83455657958984,26.507923126220703,34.54772,40.424316
143.22557067871094,29.70664405822754,33.81594,37.96877
144.16412734985352,29.907440185546875,32.22148,37.687355
144.6398572921753,31.997188568115234,30.89499,35.711563
143.91222381591797,28.557231903076172,32.1043,38.632187
143.05103492736816,28.38029670715332,33.373814,38.56577
142.25807571411133,26.771697998046875,33.81343,39.87252
137.94648361206055,27.100940704345703,35.822083,39.42244
138.8678207397461,25.369659423828125,34.05021,41.228813
135.42221069335938,27.938478469848633,35.0194,39.81232
140.30792903900146,24.747207641601562,31.75213,42.504417
139.4123363494873,29.34284782409668,32.969402,38.529446
143.57638359069824,29.567440032958984,30.243694,39.00325
142.5118350982666,30.096364974975586,31.716679,38.53874
143.75914001464844,30.521970748901367,30.676018,39.001064
140.8461513519287,26.488479614257812,32.34344,40.886467
141.98304748535156,25.969362258911133,32.477608,41.683308
142.1466941833496,30.794769287109375,32.300262,37.916008
142.69519138336182,27.998859405517578,30.948675,39.320435
143.2876148223877,31.774351119995117,30.48798,36.46533
143.0980920791626,32.08242225646973,29.990103,35.250553
144.31010341644287,32.51174354553223,29.407007,35.216038
144.0770025253296,30.252443313598633,29.682764,37.04833
142.27288627624512,34.34078407287598,32.046078,34.924046
143.33144187927246,34.080989837646484,30.789165,35.51169
143.97697734832764,34.634849548339844,30.728456,34.379112
145.25397300720215,36.651981353759766,30.679317,32.041077
145.29222106933594,35.96677207946777,29.958153,32.685055
145.0258207321167,35.91835594177246,29.817347,32.1984
145.31384086608887,38.33901119232178,29.155178,30.070414
145.5896463394165,37.3687162399292,29.10134,30.974077
145.58776187896729,36.40659427642822,29.610044,31.390799
145.691650390625,38.34917449951172,28.816948,29.575272
145.71820259094238,37.80429935455322,28.799747,30.169485
144.96515083312988,37.09657859802246,29.09142,30.86063
144.99285697937012,37.13700580596924,28.71429,31.188726
144.9512701034546,37.65137767791748,28.574259,30.891977
146.0364408493042,37.57104206085205,28.81853,31.537115
145.28372955322266,36.87034225463867,28.349472,31.50576
145.2130298614502,38.982370376586914,28.066822,29.851734
145.71535778045654,39.08691120147705,27.680689,29.217001
146.44307613372803,37.2045783996582,27.528902,30.311043
145.7947998046875,37.85752201080322,29.262177,29.831633
146.2663745880127,38.298309326171875,28.494762,29.408463
145.69716453552246,37.32757377624512,28.051174,29.52924
145.4963674545288,38.470871925354004,28.477068,28.877226
145.10309505462646,37.32406997680664,27.738977,29.655418
145.06875705718994,38.506035804748535,28.233786,30.227804
145.54009819030762,36.292372703552246,27.892712,31.181772
145.1667995452881,36.137996673583984,28.742168,31.609787
144.5536756515503,38.26040554046631,27.583559,29.617662
144.86316871643066,37.586477279663086,28.35606,30.01086
144.73666286468506,35.67172431945801,28.251268,31.6181
144.43029117584229,37.34376239776611,29.228224,30.58151
142.96677207946777,35.85931587219238,27.761074,32.112965
143.86631202697754,37.23208045959473,30.288158,32.689114
144.0289821624756,35.790090560913086,28.703869,33.065083
143.8798532485962,36.74138164520264,28.293707,31.429094
141.58339595794678,36.933427810668945,29.697908,31.471722
144.00255012512207,35.30093574523926,29.050976,32.895077
143.9294662475586,38.515174865722656,28.476105,29.448265
144.0405788421631,34.67827224731445,28.545712,32.091408
142.8990068435669,37.12780475616455,30.424322,30.826803
144.78954982757568,36.76895618438721,28.087267,31.210073
143.46843433380127,38.026662826538086,27.732634,29.82803
145.1154956817627,38.25233554840088,27.816715,29.352545
144.6605863571167,34.89595127105713,27.635172,31.791624
145.12810039520264,38.1048583984375,28.803461,29.516747
144.5838108062744,37.11681079864502,27.786114,30.214392
144.74239444732666,36.12214946746826,27.876532,30.909357
144.19869899749756,37.78835105895996,28.96979,29.937222
145.03390884399414,35.88837432861328,27.692871,31.495728
144.93017864227295,37.502312660217285,27.291986,29.77564
144.8495101928711,37.24861145019531,27.744682,30.428795
145.27230262756348,37.05923080444336,27.682064,30.605553
145.77382278442383,35.79385948181152,27.917534,31.762707
145.42006492614746,36.049842834472656,27.32912,31.694855
145.19058513641357,35.68881893157959,26.58948,31.867334
144.08564376831055,35.32957172393799,27.869156,31.618711
145.17841053009033,36.05350589752197,29.373777,31.999449
141.29196166992188,34.11604690551758,27.119736,33.103775
134.09212398529053,32.629446029663086,29.167643,35.043118
139.16889762878418,26.07296371459961,30.120464,42.211906
136.438138961792,24.576892852783203,33.751125,41.408928
138.69982719421387,23.482881546020508,32.568127,43.94209
142.81358814239502,25.733036041259766,31.20172,41.87455
142.98712158203125,23.667343139648438,33.656807,43.47003
140.71996116638184,24.1335506439209,35.440136,43.322117
136.46441268920898,24.71292495727539,38.03119,42.678642
139.94328689575195,23.87761116027832,35.407867,43.04745
140.98120880126953,28.97445297241211,34.41932,39.612602
140.2286605834961,26.660276412963867,35.690987,40.203236
136.46710586547852,27.068967819213867,37.935547,39.954304
140.2278232574463,29.809276580810547,35.266056,37.236885
142.56576919555664,26.40282440185547,33.189194,40.875397
135.76741790771484,23.669551849365234,39.518806,42.46392
137.83034706115723,24.03722381591797,41.769245,42.85405
133.26959800720215,25.95093536376953,38.22981,41.671402
140.08857345581055,25.727571487426758,33.512527,41.038784
144.43148612976074,25.66156768798828,31.512005,41.13829
139.430082321167,24.90211296081543,33.860043,42.09647
142.73700141906738,26.952531814575195,32.197147,40.651577
137.8733367919922,25.43661117553711,35.19027,40.130318
142.65380382537842,24.744165420532227,31.988207,41.65646
143.8306360244751,29.652820587158203,30.999044,38.34852
145.56468868255615,34.54559135437012,31.175531,33.577778
144.24969100952148,34.039384841918945,31.495491,33.709545
145.5128173828125,35.32985877990723,31.636887,32.841717
