32.0,21.0,36,48
32.425554275512695,23.006175994873047,31.864513,46.721733
33.708879470825195,25.75886344909668,29.423077,46.82471
33.87566566467285,27.209321975708008,28.208782,47.598736
33.53807258605957,27.630929946899414,27.995235,47.25108
31.80491828918457,29.924331665039062,29.15504,47.72992
30.95962619781494,32.16998291015625,31.557142,45.040237
30.005043029785156,34.055198669433594,33.162323,44.232086
28.589418411254883,35.801597595214844,34.419796,42.821625
28.621078491210938,36.67597770690918,34.985214,42.358463
29.32599449157715,36.19544792175293,35.556477,43.983585
29.866491317749023,36.87281036376953,34.932606,44.50154
30.830215454101562,38.80272102355957,34.57263,43.422604
31.275527954101562,40.50364875793457,34.007507,42.696484
32.49464225769043,41.969560623168945,33.282078,43.159557
34.407718658447266,41.43177795410156,32.705956,44.559525
36.01515579223633,42.46049880981445,32.05979,43.600914
37.026241302490234,41.98045539855957,32.654396,42.562984
39.57676887512207,41.91912269592285,33.657986,42.460476
41.65228462219238,40.26394462585449,34.240597,43.88706
43.098419189453125,39.61342430114746,35.26552,43.595783
45.99421310424805,38.466609954833984,34.8798,43.01519
47.696767807006836,38.19989585876465,34.960667,42.897007
49.41136169433594,36.91781997680664,37.527542,42.723396
52.22689437866211,36.054195404052734,37.19787,43.215523
54.54314422607422,34.718711853027344,35.272217,43.87892
56.48110580444336,34.809757232666016,34.095436,44.000084
56.26862716674805,34.58169937133789,34.328606,43.339684
56.54437446594238,34.55495071411133,33.923504,44.090874
56.11366844177246,35.98872756958008,34.130466,43.706978
54.58330535888672,37.25317573547363,35.129944,43.406384
53.27437210083008,38.04850387573242,34.810173,44.03135
53.68401336669922,37.9132022857666,34.843796,44.46371
53.13513374328613,38.667654037475586,34.678814,44.55878
53.50763702392578,39.31301498413086,34.606155,44.594246
52.791481018066406,40.124990463256836,35.311768,43.796223
54.028839111328125,41.38441848754883,34.761597,44.129707
53.52808952331543,42.61559295654297,34.525974,43.44658
54.347442626953125,44.63677978515625,35.17491,42.501755
54.359548568725586,45.46312713623047,35.520573,43.298767
54.07020950317383,44.46469306945801,35.9002,44.630886
54.2762508392334,46.24042892456055,33.66666,44.841026
55.31269836425781,47.955352783203125,32.151382,43.322906
54.51830291748047,47.52334403991699,33.015686,44.195713
53.99842834472656,48.092721939086914,32.904297,45.028393
53.792510986328125,49.15500259399414,32.815125,45.19442
52.78300666809082,49.55816841125488,33.22244,46.56973
53.03512954711914,50.78354454040527,33.020393,44.80309
52.757808685302734,50.987070083618164,33.662346,44.681286
52.860591888427734,52.63815116882324,33.17417,44.843006
53.00999069213867,53.34379196166992,34.106453,44.507515
52.9753532409668,55.18667793273926,34.298515,46.074993
54.108835220336914,56.912784576416016,34.826443,44.179756
54.80765342712402,58.07366752624512,34.80588,43.08048
54.870384216308594,59.74266052246094,35.778427,42.83882
55.779541015625,60.53325080871582,35.785248,42.43124
55.11895179748535,61.03521537780762,35.49577,42.592854
54.801361083984375,62.43257522583008,36.28636,42.098763
54.90157127380371,63.2761116027832,35.40598,42.456093
55.60305976867676,63.66665267944336,35.550335,41.81066
54.98098182678223,64.01521492004395,35.27418,41.57078
54.855308532714844,64.42060470581055,36.031433,41.7268
54.508644104003906,63.81443405151367,37.35904,42.637352
51.84270668029785,63.2911319732666,37.41093,42.510265
52.30524253845215,63.69409942626953,36.62624,41.856308
51.19214057922363,63.439239501953125,37.569195,41.32367
52.22608757019043,63.026079177856445,36.928257,41.76005
50.5321159362793,63.61664390563965,37.380836,41.26427
50.51885795593262,62.60226249694824,36.446064,41.705433
49.35230827331543,62.76152992248535,37.01566,41.170635
47.62832260131836,62.1867733001709,38.78852,40.939503
46.245033264160156,61.360931396484375,38.31125,40.606903
45.63454055786133,60.7337760925293,40.156105,42.14675
47.474056243896484,59.52341842651367,36.66767,41.686516
45.87640571594238,59.860708236694336,38.68124,42.144276
47.236778259277344,59.131595611572266,36.608566,42.324028
45.412506103515625,58.435916900634766,38.831345,42.34606
46.87113571166992,58.0562801361084,36.235832,42.200306
45.619503021240234,58.626359939575195,37.43232,42.10838
45.91398239135742,58.725914001464844,36.645775,42.498505
47.03590202331543,59.28410530090332,36.634083,42.211758
45.259185791015625,59.63193893432617,38.73163,42.134666
48.190303802490234,59.945573806762695,36.149574,42.20747
46.36481285095215,60.540775299072266,38.887043,41.844948
49.12072563171387,60.703678131103516,36.17847,41.45228
47.94859313964844,61.59586524963379,36.613373,40.800808
48.66836738586426,62.21405792236328,36.371166,40.682663
48.53006362915039,61.887001037597656,35.854897,40.257645
50.10056495666504,63.27894401550293,35.148663,40.134144
50.51455307006836,62.7857551574707,34.469353,40.798393
50.88496208190918,62.303462982177734,34.221775,41.01667
50.573495864868164,62.07308578491211,34.44676,40.61718
51.27496147155762,62.68598556518555,33.68529,40.53347
52.72161674499512,62.26791000366211,33.681416,40.479103
52.06990051269531,61.96316909790039,33.344666,40.276894
53.23762130737305,61.79535675048828,34.408974,41.24556
54.691205978393555,62.054765701293945,33.73232,41.069973
55.28297996520996,62.3350715637207,33.36983,40.47016
56.68805503845215,62.46138954162598,33.539127,40.35191
57.71317672729492,62.27486801147461,33.353447,41.052437
58.96519088745117,61.976444244384766,33.519432,40.29035
59.50788116455078,61.83961296081543,33.680115,40.36182
61.17691612243652,62.59821319580078,33.60233,40.286743
62.239051818847656,63.33145332336426,33.190903,40.131084
62.57889938354492,63.81906318664551,33.170692,40.307034
63.877437591552734,64.24784278869629,32.913918,39.742
64.3290843963623,63.9929141998291,33.217228,39.792812
65.67581558227539,64.85013389587402,33.389854,40.01108
66.4921932220459,64.29094886779785,32.81319,39.706036
66.0206127166748,64.99098777770996,33.472187,39.507786
67.30160331726074,64.88908767700195,33.013584,39.66439
67.40969657897949,64.34020614624023,33.53417,40.072334
67.26963424682617,63.62399673461914,32.936638,39.767067
68.40335655212402,63.55635643005371,33.08141,40.03948
67.89568710327148,62.3175163269043,33.329765,40.20391
68.96532821655273,62.329322814941406,33.010323,40.407806
69.70671081542969,61.62280464172363,32.838272,40.496822
69.98747634887695,61.72365188598633,32.265984,40.479866
70.26913356781006,62.36057472229004,31.967638,40.123516
71.57695770263672,62.216060638427734,31.414703,40.436592
71.39970779418945,61.62795448303223,31.807716,40.57391
72.27906036376953,61.75483322143555,32.470245,40.407463
72.43243408203125,62.19374084472656,32.764725,40.804916
74.36429023742676,62.032230377197266,32.67822,40.182365
74.69178199768066,61.3486385345459,33.35467,40.558964
76.07781410217285,61.68476104736328,33.498394,40.985413
77.71744728088379,61.92371940612793,34.56268,41.208515
79.38785171508789,61.38397979736328,35.253746,41.904617
79.98018455505371,61.853105545043945,36.386417,41.88455
84.48496627807617,61.94869804382324,33.020866,43.04491
86.79423713684082,62.523719787597656,32.01547,43.952744
88.52320289611816,62.218278884887695,32.724133,43.83871
89.49189949035645,62.624481201171875,33.82089,43.004852
89.25948333740234,62.3579216003418,35.63646,42.57183
92.7708797454834,63.06621170043945,33.48836,42.22558
93.55198669433594,62.43416786193848,33.423203,42.139065
94.47642707824707,62.752891540527344,32.978786,41.478714
95.4001693725586,63.52850341796875,32.524155,41.306976
96.5811882019043,62.70166778564453,32.698997,41.801224
97.33615303039551,62.54324913024902,32.410686,42.24097
98.18648719787598,62.79762649536133,32.239986,42.283714
98.72300910949707,62.486083984375,32.54199,42.642975
98.84469985961914,62.093793869018555,32.27201,42.7235
99.56573867797852,62.421913146972656,32.35119,42.599228
99.99107837677002,62.18571662902832,31.91886,43.056103
100.42184257507324,62.811967849731445,32.11893,42.741787
100.29531002044678,62.27638244628906,31.950396,43.008118
100.50117683410645,62.633827209472656,32.19273,43.162277
100.96763515472412,62.93858337402344,31.85628,43.15471
102.06686401367188,62.619314193725586,32.54962,43.553196
103.00513458251953,62.65188789367676,32.131607,42.8361
103.1422119140625,61.49698448181152,32.15396,43.67864
103.45734977722168,60.83061599731445,32.80135,43.67074
104.44284629821777,59.12899971008301,33.23679,44.34521
105.45641899108887,58.088294982910156,32.23804,45.633514
108.39391040802002,58.75389862060547,31.066732,45.393036
108.75205993652344,59.924156188964844,31.691086,44.33307
109.2274055480957,57.86834144592285,32.509254,44.052715
109.39666557312012,58.344940185546875,33.097553,42.569656
109.63054466247559,57.494131088256836,33.728962,41.529346
109.46101379394531,57.38869857788086,35.00174,41.294395
109.9231185913086,56.84828186035156,33.79236,41.15753
110.76066589355469,56.58854103088379,32.89467,41.01826
110.03213119506836,56.190189361572266,32.673973,40.61808
110.40238952636719,56.53070068359375,32.543396,42.065186
109.99731254577637,56.751312255859375,32.68346,40.908493
109.19503784179688,56.19199562072754,32.780563,41.056255
109.42649459838867,56.65321159362793,33.41294,41.326084
109.02107238769531,56.53036117553711,33.422714,41.34008
109.29076957702637,56.51572227478027,34.4567,41.35184
109.48052597045898,56.26225662231445,34.350304,41.48072
110.35026931762695,56.171674728393555,34.748238,41.20032
112.52631378173828,56.02627944946289,33.45732,41.846733
113.92242050170898,56.21176338195801,32.465797,41.755367
115.68684101104736,56.03577995300293,31.960913,42.465717
116.7442455291748,56.37040710449219,32.379505,42.768326
118.53807640075684,56.01531219482422,32.76163,43.38742
120.20959091186523,56.276506423950195,32.685738,44.024822
121.41932106018066,56.73470878601074,33.10554,42.66338
124.10002708435059,56.19635772705078,32.35596,43.2117
124.83386039733887,55.7115592956543,32.661945,45.43711
125.85183334350586,55.731414794921875,33.706352,43.931763
126.93714332580566,55.6422119140625,33.18629,45.49582
127.10760688781738,54.52254867553711,35.1835,45.395912
127.78864288330078,54.948843002319336,35.184616,45.716084
128.31180381774902,55.44961166381836,34.822422,46.327065
127.9223461151123,54.16317367553711,35.986897,47.26098
128.393648147583,54.604835510253906,34.21693,48.021194
127.73707008361816,54.7569637298584,35.91087,47.11127
128.3860263824463,55.24744987487793,34.814526,47.406696
127.44035911560059,55.361764907836914,35.904392,47.06155
127.86628723144531,55.685800552368164,35.59041,47.203487
127.66027069091797,54.35333824157715,36.66092,47.964542
128.54151725769043,54.096235275268555,34.80428,48.226658
128.33565711975098,54.493459701538086,35.132412,47.463215
128.59510231018066,54.59904670715332,35.382824,46.593517
128.84441375732422,55.62522888183594,34.651825,44.923904
128.17253494262695,54.146995544433594,36.308754,45.0701
129.9852352142334,55.483686447143555,34.117054,42.22881
131.12068367004395,53.797128677368164,34.482067,43.16685
132.1159954071045,54.032846450805664,33.83843,41.863552
132.65520095825195,54.54574394226074,34.800667,41.23444
133.4544277191162,53.842092514038086,35.684513,41.805286
134.76266288757324,53.9261589050293,35.728565,41.309486
134.58537483215332,54.1140193939209,36.828655,41.783024
136.0737247467041,53.64864158630371,36.452694,42.40804
135.99377059936523,55.20913124084473,35.54171,43.08238
136.2719497680664,54.9000244140625,36.66928,44.200348
136.60326957702637,55.121076583862305,35.65932,43.818592
136.93262100219727,54.70883369445801,36.046852,45.46916
137.0408115386963,56.19949722290039,34.945858,44.733635
136.91226768493652,54.34846115112305,35.19875,45.250618
136.79539680480957,54.83486747741699,35.055645,43.41277
137.7878189086914,54.02940368652344,35.41411,43.74019
138.7739658355713,54.4071159362793,34.13473,43.072258
138.99529838562012,54.25728416442871,33.685856,43.1747
140.34264755249023,55.388145446777344,34.023384,42.81259
141.09579277038574,54.50093078613281,34.071705,44.744034
141.89411544799805,54.241933822631836,34.07772,44.76914
143.79910850524902,55.240163803100586,34.20354,44.607716
144.65916442871094,54.45615196228027,34.227875,45.054935
145.45481491088867,55.85030746459961,33.573006,43.62652
145.60882759094238,53.38479995727539,35.91624,46.673912
146.9270420074463,57.1063117980957,33.85873,45.41738
146.539306640625,56.63246154785156,35.518204,45.134888
146.98974990844727,57.268747329711914,35.102882,44.89317
146.62901496887207,58.86346244812012,35.71034,44.729633
147.31832695007324,58.499406814575195,35.0181,44.28172
146.36439323425293,58.98268699645996,34.836185,44.043262
146.33048057556152,57.49410438537598,35.093433,43.662212
146.07013130187988,57.605234146118164,34.325665,43.50395
144.48943328857422,57.227766036987305,34.40616,42.372395
140.6842041015625,53.37092590332031,34.81259,43.309647
141.2178783416748,53.88487243652344,33.89963,44.198822
141.28129959106445,54.58441925048828,33.951042,44.305832
141.52064323425293,54.49936485290527,34.534946,44.78165
141.35097885131836,54.78031539916992,34.402046,45.129173
141.6222381591797,55.40171813964844,34.413467,45.328568
142.39611053466797,53.649169921875,34.76767,46.31357
142.5434970855713,54.28397178649902,34.320736,45.956745
142.58161735534668,55.078176498413086,34.116627,45.584522
143.38705825805664,54.939022064208984,34.065483,45.569572
143.30699157714844,53.54356002807617,34.051346,45.563545
143.42923164367676,53.68378448486328,34.26547,43.681442
143.91353607177734,52.462005615234375,34.62448,43.765213
144.63388442993164,52.56286430358887,34.558495,42.986225
145.22704315185547,51.56486511230469,35.309875,42.08113
144.70367813110352,50.6390266418457,35.592033,42.303734
146.45846939086914,51.03285026550293,35.49224,42.434467
144.8605556488037,50.092084884643555,37.05707,43.286625
147.3493995666504,51.07341957092285,36.614983,43.260326
147.89884757995605,52.183427810668945,36.40636,43.937588
152.8750820159912,54.97808265686035,34.974598,44.036648
151.574857711792,55.2171688079834,36.749104,43.6366
152.62776374816895,56.04256248474121,36.264156,42.810703
152.19190979003906,56.31759452819824,36.273483,43.36597
152.5203151702881,57.0817813873291,36.7161,42.077312
152.93146514892578,57.54894256591797,37.14981,42.402664
152.8367576599121,58.42429733276367,36.41073,42.716606
153.44225120544434,60.07102012634277,35.378437,40.510227
154.1351661682129,61.638681411743164,33.966194,39.378902
154.482027053833,61.658897399902344,36.03033,40.9066
154.33299446105957,62.48837471008301,35.93594,40.585278
153.9985809326172,64.86420249938965,35.10028,40.473972
154.46028327941895,64.66436767578125,34.95953,41.238632
153.93992805480957,65.80410957336426,35.821194,41.79513
154.4695224761963,66.68221664428711,34.975414,41.974174
154.7344856262207,67.59960556030273,33.633965,42.256325
154.36428260803223,68.72836494445801,33.158016,40.629696
152.50758361816406,65.73640251159668,34.37465,43.19292
149.7809600830078,65.3980598449707,35.834717,40.959526
149.57304000854492,65.87450408935547,36.01882,40.79825
149.7180004119873,65.50401878356934,35.814747,40.016483
153.76262855529785,65.80984687805176,33.54112,40.5052
154.4691047668457,65.53907012939453,34.985664,41.686707
155.82424545288086,64.59682273864746,36.027855,41.977848
155.33903884887695,63.78387641906738,35.72236,44.20167
153.9513282775879,63.56678581237793,35.58271,44.05628
148.37412643432617,53.884639739990234,35.835533,43.549843
147.53796195983887,51.25819969177246,36.0385,43.314533
146.55613327026367,51.642845153808594,36.038643,43.538803
147.72246932983398,52.194190979003906,36.665657,43.440475
148.18033981323242,52.85825729370117,36.62153,44.15876
148.63696098327637,54.09720039367676,36.10184,44.850216
147.91949081420898,55.090274810791016,36.65519,44.603554
146.85374450683594,56.70254898071289,34.814133,44.837105
144.247220993042,56.8085880279541,35.8855,44.750942
141.0483512878418,51.65736198425293,33.88685,50.069416
137.58084106445312,55.64857864379883,35.00383,46.93746
131.30154418945312,55.7720890045166,36.611755,44.286144
129.1386432647705,56.811161041259766,36.874676,43.279716
125.6475715637207,56.06114387512207,37.16181,42.90646
126.35810852050781,55.001726150512695,34.69258,42.5267
126.38884925842285,55.04508972167969,33.891674,44.70874
128.3654556274414,54.89952087402344,34.164536,44.310303
130.08741760253906,53.889854431152344,35.027695,44.694504
130.73308181762695,52.8830680847168,35.20234,43.25625
130.90267944335938,51.40631103515625,34.994507,43.056305
130.0387306213379,51.724477767944336,35.624275,42.95078
128.69390296936035,51.03246307373047,36.31541,42.723938
128.09945678710938,50.36405372619629,36.123825,43.56265
127.38132095336914,50.59184265136719,35.593666,44.64676
127.78474807739258,51.7468376159668,35.374672,45.86596
128.36572074890137,51.89296340942383,34.738667,45.570946
128.01047134399414,51.99703407287598,35.442818,46.440685
129.01247596740723,53.07479667663574,34.92326,44.68352
128.8563003540039,52.91104698181152,35.59935,43.927937
130.2530975341797,52.80764579772949,35.515854,43.58478
131.27334594726562,51.68882179260254,35.445908,43.94102
132.4964828491211,51.33437538146973,34.926758,43.885616
133.8977813720703,50.80164337158203,34.46431,43.7249
133.93694686889648,49.67444610595703,34.520607,43.439255
134.95956802368164,49.322893142700195,33.281975,43.412914
137.09839916229248,48.479637145996094,31.994059,43.527435
137.42999839782715,49.41613006591797,31.796375,44.317093
139.1659164428711,49.07331657409668,30.720871,43.50484
138.65737915039062,49.631940841674805,30.814484,44.049763
139.6982536315918,50.057289123535156,30.876396,43.359665
141.45913314819336,49.48969650268555,31.511314,43.36828
141.4071559906006,48.94415283203125,32.963917,44.220352
142.08224296569824,48.95256423950195,32.16779,44.584587
140.96120262145996,48.596797943115234,32.75861,44.928154
141.38267040252686,49.03243446350098,31.20585,43.856228
141.23286056518555,50.33208465576172,31.180016,43.49153
140.91984844207764,48.98467445373535,31.162653,44.06033
140.0493974685669,50.10857582092285,31.854116,43.625607
141.15109634399414,50.123985290527344,31.610298,42.992706
142.12866497039795,50.06638145446777,31.926004,43.35729
141.8153247833252,48.99990463256836,34.46397,44.161537
141.79172134399414,50.0250186920166,34.530144,43.099834
143.4551601409912,50.39988899230957,33.890522,43.5809
145.30545616149902,50.698028564453125,32.961216,43.67592
146.23375701904297,48.80656051635742,33.439392,45.709373
146.3382396697998,49.413801193237305,32.381733,45.10425
145.52243614196777,48.57294464111328,33.13216,45.365265
146.89706802368164,49.11220741271973,32.453957,44.858334
145.68262481689453,46.82082557678223,32.285828,46.0693
146.22652530670166,47.894426345825195,31.932508,45.55209
145.77426528930664,47.19044876098633,32.37519,45.10241
144.79693222045898,47.583431243896484,32.695686,44.60006
144.3574924468994,46.60166549682617,34.850506,45.87069
144.28277969360352,45.78803634643555,36.1482,47.174538
144.49080085754395,46.20371627807617,35.735744,47.17901
144.3939037322998,46.60312843322754,37.82108,46.672253
145.59550094604492,46.77500534057617,38.72509,46.710777
145.99949264526367,47.08199882507324,38.44207,47.765095
146.88408088684082,46.85574531555176,35.960323,47.55708
148.7417163848877,46.9189395904541,35.061947,46.452343
149.2136936187744,46.26176071166992,35.519207,46.915886
150.4464340209961,46.10778045654297,36.466705,46.807755
150.13364028930664,46.044090270996094,37.661995,47.227264
150.25013732910156,46.38037872314453,38.20079,47.79013
148.57956504821777,46.53061866760254,38.708942,46.62469
148.28355407714844,46.80346870422363,39.525726,45.92883
147.82324409484863,46.78746032714844,40.027004,45.721497
148.1049976348877,46.93696975708008,40.254055,45.888145
147.59362983703613,46.77544403076172,40.35809,46.223587
148.11779403686523,47.54770088195801,40.18673,46.150234
148.0252170562744,46.849456787109375,40.193127,45.752502
148.53383255004883,47.51617431640625,39.302116,46.36003
149.54128646850586,47.554073333740234,38.944283,45.9629
149.20021438598633,47.64186668395996,39.07615,45.6469
150.4711151123047,47.426109313964844,38.52037,46.046814
149.76642036437988,47.53500747680664,38.694378,45.821968
149.22568702697754,47.978111267089844,39.245174,45.923035
149.90790939331055,47.393531799316406,38.393257,45.831406
149.32246589660645,47.91070556640625,38.90745,45.859665
150.53347206115723,47.73276138305664,37.972973,46.451195
149.19562149047852,47.58000183105469,37.749367,45.868454
149.33179664611816,47.43330001831055,37.916637,46.624886
148.8894386291504,47.18410682678223,38.124123,47.345654
148.9600944519043,47.11403274536133,38.15641,47.43583
147.87055778503418,47.60017395019531,38.56525,47.39171
147.01629829406738,47.25955009460449,39.641308,47.560413
146.93437957763672,47.70491981506348,40.249374,47.419643
145.576810836792,48.3636531829834,40.522923,46.52268
145.6583251953125,48.06329917907715,40.420578,46.135975
145.467191696167,48.58119583129883,39.587467,44.893715
143.41694259643555,50.05296516418457,35.04296,43.754345
142.56332206726074,50.957176208496094,33.303898,43.183258
141.262113571167,50.06487846374512,32.8561,43.320133
138.87594032287598,51.04801559448242,33.298626,43.07096
137.84180641174316,51.64107894897461,32.41238,43.138603
135.67119026184082,52.9329719543457,33.847897,42.025597
134.5988540649414,54.17862319946289,34.4729,42.444862
133.24443244934082,54.53398132324219,34.622784,42.31276
132.58129692077637,55.05396270751953,34.39127,42.713272
130.71574211120605,55.422189712524414,35.62473,43.180737
130.68788146972656,55.78738975524902,34.284073,44.20853
128.98519134521484,57.23377990722656,34.869293,43.303574
128.95566940307617,57.12465286254883,34.638817,44.32421
128.11164665222168,56.62239074707031,34.55959,45.099884
127.93039512634277,57.55576133728027,34.170612,45.721317
127.45092010498047,57.64322090148926,33.689316,45.016018
126.87712478637695,57.38502311706543,34.271294,45.883945
126.0418472290039,58.37095832824707,34.89923,45.5395
126.3089714050293,57.70731544494629,34.04342,46.214596
125.39729309082031,57.51725387573242,34.40645,46.038033
124.17208862304688,56.73419952392578,34.223114,46.588196
123.18439102172852,56.552040100097656,34.219154,45.424347
122.58266830444336,56.48293495178223,33.673622,44.797726
122.1982650756836,56.68795204162598,33.253555,43.061367
120.52668762207031,57.50862121582031,33.4935,42.5596
119.51514625549316,57.57625389099121,33.69734,41.808155
118.00508308410645,57.76360893249512,33.908367,42.14223
115.69618797302246,57.78633117675781,34.624943,41.20993
114.00962448120117,56.661752700805664,33.993904,41.671047
112.46219825744629,56.46058654785156,33.554745,41.41739
111.71937561035156,55.955129623413086,33.45221,41.39046
110.27740478515625,55.922929763793945,33.74156,41.237774
109.15542221069336,55.46822547912598,33.454338,41.310146
109.05816459655762,54.977848052978516,33.75043,41.880898
108.55554580688477,55.50652313232422,33.21627,42.435944
107.21092987060547,55.153642654418945,33.134262,42.663357
107.22231483459473,54.958961486816406,33.292248,42.924637
106.32072067260742,55.028656005859375,33.219948,43.4225
106.67222785949707,55.128305435180664,33.053432,43.116543
106.30061149597168,55.03276062011719,32.748722,42.340668
105.05850410461426,55.08129692077637,33.128902,42.7578
105.97505569458008,55.185007095336914,32.839867,42.175716
105.29865646362305,54.98705863952637,33.124825,42.281284
105.16579246520996,55.43894004821777,33.27701,42.519672
105.09255790710449,55.603567123413086,33.2506,43.146748
104.96090126037598,56.3969783782959,32.701107,39.533695
106.30407524108887,57.201284408569336,31.110096,39.002064
107.18888092041016,56.55329132080078,29.66243,40.342545
105.69166946411133,56.05153465270996,29.129417,40.992756
105.93008041381836,55.04030799865723,26.052101,41.113476
107.49911785125732,54.54474639892578,28.094843,43.031998
106.84395217895508,56.240264892578125,27.356438,44.17752
107.32056522369385,56.44313621520996,26.058058,43.85335
107.70692443847656,54.98996543884277,25.595062,44.226414
108.01076316833496,54.961273193359375,26.510502,43.76642
108.1433334350586,55.3114128112793,26.377853,43.388725
106.97286891937256,55.09296417236328,26.65114,44.326065
107.65736293792725,56.12814903259277,26.450853,42.798573
107.6789493560791,55.00602912902832,26.338314,43.48567
108.3357162475586,56.172834396362305,27.105286,43.551777
108.53620052337646,57.36563682556152,26.773668,42.96581
108.70339870452881,56.58513259887695,25.83275,44.253517
108.46857261657715,56.70355796813965,25.481693,44.173435
108.49176597595215,56.567623138427734,25.240543,43.66027
108.58479404449463,57.14620018005371,24.879896,43.970203
108.17395877838135,56.9810791015625,24.985548,44.272415
107.23677062988281,58.4509391784668,24.108963,42.741875
109.40142631530762,58.353050231933594,22.22176,41.65599
111.44469928741455,63.41585159301758,20.647589,37.71987
113.61970329284668,67.50226783752441,20.064953,34.30762
79.68152141571045,47.13565254211426,21.880785,27.12648
76.96397686004639,49.83120155334473,17.986155,23.26104
77.27913475036621,50.318087577819824,16.502804,23.190023
77.27428531646729,50.82515525817871,17.24932,22.510216
77.577467918396,49.9957332611084,18.043924,22.225746
75.88179922103882,49.72298717498779,15.455358,23.121603
77.61863040924072,49.24223804473877,18.330511,22.856195
76.61361503601074,49.545424461364746,16.01141,22.98458
78.31879901885986,49.756924629211426,17.372503,22.432497
75.78545618057251,49.480106353759766,15.874858,23.549732
77.73981094360352,50.113155364990234,17.455795,22.956364
77.3111629486084,49.044440269470215,18.576206,23.37245
77.19474220275879,50.19007587432861,17.553219,22.491709
77.14088249206543,50.575796127319336,16.618618,23.078407
77.01570987701416,49.922545433044434,17.811338,22.396643
76.88369083404541,50.123985290527344,16.71797,23.085697
76.67217445373535,50.14779281616211,17.824207,22.914288
76.77693939208984,50.46493434906006,16.996346,22.62316
76.32813739776611,49.8756217956543,17.77519,23.516193
77.00260353088379,49.23482608795166,17.650875,22.554453
76.14160633087158,49.353474617004395,16.205961,23.156603
77.5224199295044,49.74599647521973,18.289732,22.714294
76.85609722137451,49.905853271484375,16.363306,21.86826
76.53200054168701,49.645894050598145,17.747187,22.453203
76.88020610809326,50.08090114593506,17.58594,22.666548
75.94949436187744,50.521060943603516,16.39617,23.031834
77.69219779968262,49.768611907958984,18.31239,23.115002
76.29061317443848,49.79388236999512,16.592411,23.131805
77.8863353729248,50.429306983947754,17.602085,22.08439
77.21292304992676,49.69765853881836,17.74821,23.065845
76.37552547454834,49.54093647003174,17.515802,22.718554
77.20397472381592,50.40092372894287,17.141748,21.868086
77.25503635406494,50.407487869262695,16.535238,22.670677
76.40738773345947,49.14601802825928,17.393187,23.340925
75.44050216674805,50.59082221984863,15.803909,22.28595
77.29575729370117,49.42140007019043,18.718613,23.417
75.60135316848755,49.26341152191162,15.668517,23.514547
77.57866668701172,49.697959899902344,18.52575,23.425869
76.31272411346436,49.730183601379395,16.437296,22.763353
75.91989994049072,49.91023826599121,17.387213,23.08419
76.21163558959961,50.56395626068115,17.341599,22.928885
76.86820697784424,50.20675182342529,17.86151,22.809103
75.7882251739502,49.71092987060547,16.14648,23.47623
77.76406669616699,50.39439105987549,18.667423,22.541323
76.41833209991455,49.377567291259766,16.29431,23.724407
77.6864709854126,50.68706798553467,17.43566,22.022924
76.90824508666992,49.69876575469971,17.953537,22.875162
75.98921203613281,49.58705139160156,16.704536,23.14674
77.73484325408936,50.675564765930176,16.92821,21.947031
76.17366313934326,49.509443283081055,15.896883,23.146858
77.71146869659424,50.467265129089355,17.411718,22.529837
76.15612125396729,49.65487194061279,16.242277,23.211958
78.0779504776001,50.88014316558838,17.310606,22.264566
77.57840538024902,49.69967842102051,17.61736,23.14853
76.1876916885376,49.839383125305176,16.656744,22.77463
76.12888145446777,50.37628364562988,17.300655,22.459648
77.58170413970947,50.67692947387695,17.653845,22.20869
76.69820976257324,49.66756343841553,16.885197,23.347952
76.85710334777832,50.44290733337402,17.235043,22.901237
76.99814796447754,49.45127201080322,18.294163,22.527178
75.43852710723877,49.786057472229004,16.221922,23.53567
77.49581146240234,50.310587882995605,18.23758,22.854223
77.49147510528564,49.53387641906738,16.097921,23.065506
75.78527164459229,50.155550956726074,15.726324,22.716932
76.61045360565186,48.95457363128662,18.200533,23.576841
74.59877300262451,48.756564140319824,15.545191,23.95098
77.73714447021484,49.98008918762207,16.567703,23.21254
76.41460466384888,50.158308029174805,15.971107,23.31855
78.06042385101318,49.36457347869873,18.277246,23.503996
75.86932849884033,48.33197212219238,15.893454,24.091713
77.53845882415771,49.68162441253662,18.14258,23.320044
74.71491193771362,48.45174789428711,14.9023905,24.893505
76.15342617034912,48.84420299530029,16.223093,22.8533
78.17601490020752,49.53344535827637,16.074118,23.755402
74.79041957855225,49.19717025756836,14.856562,24.437725
74.68614292144775,50.677791595458984,15.249304,23.172115
77.99552583694458,49.550198554992676,15.497344,23.576181
75.70847988128662,49.489410400390625,14.596651,24.266605
75.74778509140015,49.299553871154785,15.15389,23.573122
89.76892566680908,66.12128829956055,26.662962,23.138882
84.40872955322266,66.46766662597656,32.928284,37.728184
84.38863945007324,66.29945182800293,32.535618,45.5823
82.3989429473877,66.4928207397461,32.93617,42.976383
81.48651504516602,66.16049575805664,33.408455,43.129833
79.712890625,64.78176689147949,34.33766,43.124825
77.95345306396484,65.78915786743164,34.62863,42.97009
76.7212905883789,65.25275421142578,34.181244,42.144657
75.84133911132812,65.57206726074219,33.94467,42.732334
75.17143058776855,65.67323303222656,34.4379,42.338184
73.83398818969727,65.67440986633301,34.118233,41.90561
72.67482376098633,66.12292671203613,35.288017,41.573853
71.46535682678223,66.64341163635254,34.732204,41.55519
70.6111068725586,66.79662132263184,34.476913,41.935143
68.48231506347656,66.76527214050293,34.198944,42.06321
67.44341850280762,67.70686531066895,33.85393,41.869705
66.05292320251465,68.2701530456543,33.63576,41.83804
64.40974044799805,68.70938110351562,33.384926,41.25333
61.98371887207031,68.47536849975586,33.658875,41.11822
61.31662178039551,68.74503135681152,33.419765,40.45611
59.17381477355957,69.69074440002441,33.036816,40.31047
59.04596138000488,68.74560165405273,32.146862,40.85008
58.37206172943115,68.6971549987793,31.745134,40.466595
59.0000524520874,68.57803535461426,31.827364,40.457672
58.78292274475098,68.22666549682617,31.907787,40.09924
59.357622146606445,66.91042518615723,31.676342,40.4821
59.440749168395996,66.85478401184082,31.986513,39.750443
59.67147254943848,65.03858947753906,32.592983,40.819782
59.78504180908203,64.05938148498535,33.096527,40.754593
59.34506416320801,62.106821060180664,33.12541,40.91626
59.161773681640625,59.788496017456055,33.213394,42.12641
58.656423568725586,58.54159164428711,33.589573,41.93806
59.246768951416016,56.344289779663086,34.08828,41.751915
58.16880989074707,55.51935386657715,33.793453,41.24653
58.96313285827637,54.30737495422363,33.33283,41.331894
58.79533767700195,53.20333671569824,33.578026,42.063255
58.37967491149902,51.63197898864746,33.798023,41.63102
58.113420486450195,50.45342826843262,34.22221,42.77671
57.32231903076172,48.90615272521973,34.265823,43.075806
58.140329360961914,47.80247497558594,33.76254,42.217426
56.447242736816406,46.44147872924805,34.55832,42.835857
56.78629493713379,43.91369438171387,34.572384,42.486732
57.29770088195801,42.48200798034668,34.430874,43.15644
57.18911170959473,40.36309814453125,35.097317,43.427555
56.464712142944336,40.51587677001953,35.949863,42.230015
57.782588958740234,38.05256462097168,35.08242,42.909782
56.94780349731445,37.699480056762695,35.834587,41.61322
57.68515396118164,35.234989166259766,35.372383,42.16772
58.108909606933594,34.663543701171875,34.84102,40.67803
58.759403228759766,32.34250450134277,34.849648,42.065224
59.00905227661133,32.04119110107422,35.219078,41.618977
59.91247749328613,31.089126586914062,35.355633,42.222614
60.58339500427246,28.608993530273438,35.575733,43.788578
61.454437255859375,27.69649887084961,35.369263,43.82681
61.957027435302734,27.255199432373047,35.19361,44.02264
61.56447982788086,26.90436553955078,35.069786,44.69373
62.19028091430664,25.023752212524414,34.85801,45.489273
62.486637115478516,24.506118774414062,34.72117,45.47942
62.8610954284668,24.182527542114258,35.318108,45.872894
62.08227729797363,22.464548110961914,35.42184,46.678177
62.33576202392578,21.752450942993164,35.221085,45.909714
62.3875675201416,20.932640075683594,34.66618,45.68836
60.38324546813965,18.840499877929688,33.27599,44.612568
60.33575439453125,19.25790786743164,32.93094,43.397564
59.59033393859863,19.32613182067871,33.280315,42.93168
59.535133361816406,19.05953025817871,33.4169,41.53753
59.95458221435547,20.269235610961914,31.084412,40.049805
60.68889236450195,19.462257385253906,30.888939,39.947193
61.12642955780029,18.401350021362305,30.410837,38.33303
61.04397487640381,15.182924270629883,31.298586,36.673325
59.56364631652832,16.13182258605957,29.27386,39.68701
61.198336601257324,15.711576461791992,27.619165,39.806267
61.45456886291504,14.677135467529297,28.434689,38.90205
60.06150245666504,14.282747268676758,27.20274,39.950867
61.01290225982666,15.883148193359375,25.53723,38.23914
64.03504943847656,9.454666137695312,32.37645,43.3773
62.149452209472656,12.784059524536133,32.19278,39.396294
63.53399181365967,14.028059005737305,30.718012,36.506287
63.59092044830322,12.322978973388672,31.888899,41.372303
62.460514068603516,12.759883880615234,32.39863,40.4811
62.16288089752197,13.602561950683594,30.487928,39.320522
62.679991722106934,13.411123275756836,30.15883,37.09575
62.67796516418457,12.770612716674805,30.146175,40.091766
61.0437536239624,13.60457992553711,30.431917,39.610157
64.71433067321777,16.81972885131836,28.845829,33.691822
63.165297508239746,11.716718673706055,30.29117,40.1687
60.93519401550293,12.36968994140625,29.857334,39.55421
63.748040199279785,13.98033332824707,28.210966,36.301216
62.57719421386719,6.699893951416016,32.729263,43.555767
61.998494148254395,13.293272018432617,31.681097,40.36106
62.8425874710083,12.47275161743164,30.567556,36.069088
62.788848876953125,7.711864471435547,33.08676,41.609127
63.75499725341797,10.03946304321289,32.537323,41.99998
64.33997344970703,12.441301345825195,30.608414,36.828384
63.384735107421875,5.333932876586914,34.219574,43.46132
64.07620048522949,9.18559455871582,33.613895,41.190933
64.99405288696289,9.720663070678711,32.972084,41.163795
65.22599601745605,8.916751861572266,33.49512,42.214947
65.32564163208008,9.518804550170898,32.59806,41.05184
65.09881973266602,9.207897186279297,33.347755,41.462124
65.13777923583984,10.497953414916992,32.625137,42.53051
65.31609344482422,11.479879379272461,32.082626,39.832527
63.951751708984375,10.0179443359375,33.572296,43.30193
63.26217460632324,12.784961700439453,31.718388,40.631207
64.39967918395996,13.10523796081543,30.446827,37.94059
63.460954666137695,11.349905014038086,32.746044,42.417305
61.98062229156494,13.778303146362305,30.190565,38.100624
64.94583892822266,14.942129135131836,28.844666,37.372658
64.80934810638428,12.291254043579102,30.255754,40.40361
63.33935356140137,11.907142639160156,31.761326,42.562244
65.01468849182129,13.331180572509766,29.743649,39.660076
64.99719333648682,11.291952133178711,31.841734,43.638374
65.76465511322021,13.035694122314453,31.217089,41.75514
66.26738166809082,12.157217025756836,33.07252,43.7378
67.53475189208984,13.119308471679688,32.70598,42.59638
67.718017578125,15.534961700439453,33.654984,43.016735
68.80660629272461,14.72816276550293,33.20025,43.857094
69.73388862609863,15.934383392333984,32.838238,45.573757
70.73095321655273,18.089210510253906,31.955254,44.21352
70.84450721740723,19.198951721191406,32.243816,44.23984
71.37569046020508,19.686405181884766,32.41082,45.263317
71.4782772064209,19.378944396972656,32.671665,46.551487
71.23836135864258,19.958681106567383,33.19863,47.346725
71.21895027160645,20.921960830688477,33.332714,47.628036
71.42937278747559,22.450515747070312,33.914173,47.28719
71.3271255493164,22.58993911743164,34.107742,47.77206
70.55931663513184,23.467082977294922,34.03113,48.027416
70.13198852539062,24.54320526123047,34.369278,46.61835
69.60215759277344,25.446727752685547,34.209717,46.867535
69.42654037475586,25.772872924804688,33.944603,45.693485
69.13958930969238,26.63821029663086,34.246883,45.420116
68.80202674865723,27.082462310791016,34.32095,45.253048
69.12245178222656,28.381452560424805,34.64894,44.76072
68.99283218383789,28.694589614868164,34.933952,44.615616
68.23619270324707,29.025005340576172,35.155636,44.96931
68.0158748626709,29.803863525390625,35.335987,44.69202
68.37140274047852,30.87282371520996,35.490257,44.571648
68.42209243774414,32.229177474975586,35.420525,44.28463
68.29218482971191,33.38576698303223,34.845592,43.602783
68.67522430419922,35.169355392456055,34.496826,43.440468
69.47075653076172,35.98354911804199,34.606857,43.43888
69.23827934265137,36.61862564086914,34.469196,43.07867
70.71060752868652,37.57568550109863,33.66672,42.749146
72.13802528381348,38.67288780212402,32.83839,42.660362
73.71506881713867,39.716392517089844,33.435173,42.477787
76.14991760253906,41.03156852722168,32.737213,42.040092
77.25639915466309,41.156728744506836,33.686954,42.077324
77.45287704467773,41.459388732910156,35.425377,42.07416
82.83514213562012,42.59931564331055,33.605183,41.713726
83.23462867736816,43.961870193481445,33.545513,41.949997
83.78905487060547,43.396345138549805,35.361816,41.92997
86.50272560119629,44.51636505126953,33.272243,41.380726
87.95946311950684,42.8292293548584,33.758793,43.55761
88.24347305297852,44.103546142578125,33.569603,42.633396
89.030517578125,44.45277404785156,33.70497,42.196903
92.26473045349121,44.49177169799805,32.00841,43.291348
92.64913558959961,43.66838836669922,33.271675,44.14748
93.10332489013672,43.602474212646484,33.513107,44.20875
93.42677688598633,44.87771987915039,33.16491,44.110027
94.17146110534668,43.85836982727051,33.167027,45.41504
94.50940132141113,44.94704246520996,33.097347,44.8628
94.55561828613281,44.667423248291016,32.914795,44.592297
96.13274478912354,45.09309196472168,31.994154,44.739647
95.66026496887207,44.44499588012695,32.886272,44.877407
96.82708930969238,45.62440872192383,32.06689,44.491116
97.86421489715576,44.46522331237793,31.983866,45.385735
98.3564281463623,45.27767562866211,32.33797,45.181835
99.22498607635498,46.41420364379883,31.634592,42.875088
99.05157661437988,45.02986717224121,32.58836,44.00956
99.72822380065918,45.091787338256836,31.882755,44.390785
99.03970909118652,45.67905044555664,32.76627,44.904278
100.75491619110107,46.52589797973633,31.537592,43.2646
100.10412979125977,46.17355155944824,32.824562,43.301826
100.74887084960938,46.14620018005371,32.195374,43.65023
101.66256999969482,47.708030700683594,31.958246,43.154346
101.0945987701416,48.17398262023926,31.72485,41.466476
102.47280788421631,47.86383247375488,31.999773,41.922867
101.89391899108887,47.91360855102539,31.955082,41.73321
104.10194206237793,48.04166793823242,31.390537,41.98788
102.19025993347168,47.24039077758789,31.949757,42.94972
103.94868850708008,47.375396728515625,30.858147,43.270313
104.23937511444092,47.06843948364258,31.201044,43.145657
103.28462886810303,46.565195083618164,31.174547,42.993103
104.85126781463623,47.32107925415039,30.337595,42.735332
103.68796253204346,47.180959701538086,30.971746,42.418083
104.52136325836182,48.0393123626709,29.63162,42.202293
103.48866844177246,46.70019340515137,31.013279,42.987633
104.98263168334961,46.77672576904297,31.000313,43.080677
104.10748291015625,47.32607650756836,30.434814,42.965252
103.88162231445312,46.36623191833496,30.996704,43.746025
102.71711444854736,46.47774887084961,31.285025,43.363796
102.3500394821167,46.496463775634766,31.062647,42.80679
103.02983379364014,47.021995544433594,30.622385,43.25588
101.61574745178223,44.48079872131348,30.731075,44.538254
101.51626396179199,42.19880485534668,30.245838,46.43093
100.97409248352051,39.4104061126709,30.349636,46.46836
99.8879508972168,36.81013488769531,28.999657,44.308323
99.80476951599121,33.35800743103027,27.614506,43.757103
