211.0,76.0,34,40
208.3072566986084,77.75778770446777,33.651676,37.26993
207.04262733459473,78.16399002075195,33.474194,38.09487
205.87957763671875,78.2490062713623,33.35002,37.448368
203.5936222076416,78.81926918029785,33.32429,37.493374
201.35771942138672,78.54377937316895,33.39743,37.012432
199.30636978149414,78.47478294372559,33.487892,36.789356
197.1967315673828,78.13069725036621,33.356567,36.760883
194.88415908813477,77.50274276733398,33.542793,36.70762
192.61693000793457,77.50092697143555,33.59921,36.584114
191.96081352233887,76.99174690246582,33.146366,36.831173
190.2000503540039,77.1177978515625,33.472168,36.80049
189.6539192199707,76.74685668945312,32.997932,36.900497
188.94789695739746,77.10492134094238,32.848118,36.837505
189.02818870544434,77.60701370239258,32.52297,36.857643
189.02610397338867,77.62790298461914,32.76484,36.676918
188.90834999084473,77.64542770385742,32.92709,36.54461
188.77048301696777,77.88764762878418,32.965046,36.37534
188.62803649902344,78.13407707214355,33.00946,36.330997
188.51376152038574,78.5112361907959,33.067966,36.24364
188.4858169555664,77.91032028198242,33.204666,36.157204
188.7499942779541,78.27690887451172,33.00372,36.204147
189.06995010375977,78.67867279052734,32.985634,36.217407
188.24283027648926,78.22693061828613,33.40553,36.238888
189.38755416870117,78.2488021850586,33.315987,36.382126
188.53751373291016,78.33816909790039,33.35956,36.31504
188.95247268676758,78.3507022857666,33.20652,36.054943
188.7706527709961,78.42436599731445,33.35147,36.345436
189.28652572631836,78.29591941833496,33.45884,36.146168
188.7681064605713,78.00174331665039,33.585064,36.17527
189.5027675628662,77.49992179870605,33.534473,36.311543
189.39374923706055,77.65989875793457,33.326637,36.361614
189.12095832824707,77.71821975708008,33.45463,36.350838
190.02811431884766,77.7750129699707,33.52507,36.34577
190.02535247802734,77.8247127532959,33.391525,36.30657
189.9203929901123,77.85711288452148,33.45194,36.307808
189.60362815856934,77.0787181854248,33.742237,36.17101
189.6182098388672,77.06081581115723,33.495483,36.39671
189.40374183654785,77.23524475097656,33.512707,36.344437
188.97846794128418,77.43546485900879,33.58977,36.28236
189.59600639343262,77.4095287322998,33.40801,36.557346
188.75644493103027,77.66334915161133,33.644444,36.411232
188.61118698120117,77.54925918579102,33.64193,36.03042
189.08587265014648,77.55289840698242,33.33526,36.53132
189.4141788482666,77.8794059753418,33.387722,36.544273
188.4833698272705,77.59868240356445,33.793545,36.180763
189.06092643737793,77.9112434387207,33.462055,36.539543
189.4429531097412,77.71590232849121,33.398182,36.230274
188.1176471710205,78.25271224975586,33.887386,36.655815
187.76164054870605,78.24045372009277,33.810368,36.258503
187.2575569152832,78.58317756652832,33.887886,36.518124
187.40536308288574,78.3088207244873,33.87325,36.167973
186.43323516845703,78.83697700500488,34.268707,36.85876
184.82622909545898,78.71539306640625,34.47953,36.330383
184.39977264404297,78.66288948059082,34.18564,36.624844
184.770902633667,78.34153366088867,34.001194,36.903023
185.5155429840088,77.83910942077637,33.842983,36.730976
185.49724006652832,77.2153377532959,34.1703,36.421253
187.01294708251953,76.94447708129883,33.901047,36.724358
188.8387851715088,76.80939483642578,33.840908,36.607666
189.82092094421387,76.85577964782715,33.57001,37.285755
191.87687873840332,76.55998802185059,32.95982,37.876606
193.05338287353516,76.55689430236816,32.488907,38.18533
193.78632354736328,76.7407283782959,32.779343,38.345722
194.87758255004883,76.61179161071777,32.881416,38.194798
195.77743530273438,76.2579517364502,32.954147,38.45657
196.57215690612793,76.98663711547852,32.831715,38.564873
197.24514198303223,76.71676635742188,32.604977,38.716934
197.43730354309082,76.62087821960449,32.71519,38.706135
198.42248725891113,76.61279296875,32.948483,38.80275
199.3868522644043,76.15691375732422,33.420143,38.837784
200.42645072937012,76.16790771484375,32.791874,38.966003
201.1339817047119,76.7963695526123,33.00471,38.92127
201.00382041931152,76.46596145629883,33.510303,38.704597
201.34146118164062,76.38082504272461,33.159042,38.886314
201.7736415863037,76.38145065307617,33.127094,38.916862
202.00981903076172,76.47220230102539,33.35089,38.6298
201.8686923980713,77.233154296875,33.167934,38.161514
201.90777015686035,76.88912582397461,33.302853,38.662346
201.5258445739746,76.45773124694824,33.403023,38.307407
201.77069473266602,76.6470832824707,33.298454,38.432793
202.87861824035645,76.62650299072266,33.298244,38.89679
203.3079891204834,76.62137794494629,33.545994,38.64477
205.00819206237793,76.7944450378418,33.7746,38.562294
206.92588996887207,77.29459762573242,33.209972,38.299797
207.63215255737305,78.08954238891602,33.690376,38.24259
210.3712558746338,77.8190803527832,32.691586,37.86692
212.17120170593262,78.85610008239746,32.671223,38.03658
213.45428657531738,79.68355751037598,33.031292,37.63751
214.33248138427734,79.3837833404541,33.81543,37.874844
214.27929306030273,79.60347366333008,34.584526,37.808815
215.5461597442627,79.55911636352539,34.35731,37.644157
218.96112823486328,79.93320274353027,32.96753,37.815662
218.83611869812012,80.7706069946289,33.760532,38.166306
221.9554901123047,81.10173797607422,32.05072,37.94455
223.74456310272217,80.13441276550293,31.781977,38.323277
223.9598846435547,81.8303108215332,30.408966,37.944572
224.5204086303711,81.33978080749512,31.707718,38.276875
226.64251327514648,81.98769187927246,29.920341,37.716434
226.72338390350342,82.64408874511719,30.024286,38.130615
227.5424747467041,82.18050575256348,29.803417,37.6936
228.3150634765625,82.94339370727539,30.147736,38.490364
228.41456127166748,82.89022636413574,29.829996,37.796818
227.97805213928223,83.46207046508789,30.165691,38.54757
227.8807077407837,83.34699440002441,30.283491,37.892056
229.0284252166748,83.47162437438965,29.414173,37.950855
227.23037242889404,83.28415489196777,30.254328,38.015446
227.43006229400635,82.9464282989502,30.359297,37.34701
226.2859182357788,82.53360176086426,30.478777,37.458874
225.37407875061035,81.97005844116211,30.151546,37.20768
224.6959810256958,81.37150382995605,30.242544,37.28667
223.00847625732422,80.98551750183105,30.723755,37.31145
220.90300178527832,80.2465934753418,31.63522,38.38929
218.70304584503174,80.55953025817871,31.855597,38.574512
217.49761962890625,79.62455749511719,32.014725,38.23799
215.67389106750488,79.19112586975098,32.444714,38.707455
214.6366901397705,79.29612350463867,32.72749,37.981224
212.92472076416016,79.78023719787598,33.041016,37.61758
212.09910202026367,79.95918083190918,33.282204,37.134983
210.36882400512695,79.50492858886719,33.856163,36.581757
209.5576057434082,79.14213371276855,33.754936,36.867985
207.82157135009766,79.17695617675781,33.786636,37.022537
206.76735877990723,78.87341117858887,33.84103,37.469975
204.7457675933838,78.60374641418457,33.954845,36.63058
203.96917533874512,79.2609691619873,33.822544,37.160694
202.89899826049805,79.37577056884766,33.83277,36.6669
200.84324073791504,79.18268394470215,34.02493,36.30695
199.31218147277832,79.57191276550293,34.185635,36.757526
198.28425216674805,79.83199119567871,34.04107,36.37621
197.6299171447754,79.6368179321289,34.060493,35.94937
195.4977626800537,79.21633529663086,34.269276,36.19201
195.03704261779785,79.62038803100586,33.76518,36.368065
194.4573040008545,79.3031120300293,33.886417,36.178993
193.88920402526855,79.98578071594238,34.03481,36.34396
192.2451992034912,79.71621894836426,34.40186,36.428036
191.8288631439209,80.02499198913574,33.94405,36.339603
190.64604949951172,79.91074752807617,34.028946,36.4289
189.10020065307617,79.99749565124512,34.202766,36.418095
188.25862312316895,79.77279281616211,34.08688,36.426445
187.10286331176758,80.77548599243164,34.1914,36.64318
185.66906356811523,80.32054710388184,34.75492,36.36368
185.58799743652344,80.46476936340332,34.171814,36.445156
185.04181671142578,81.40790367126465,34.03981,36.539494
183.1753330230713,81.89318084716797,34.571606,36.134613
183.2177963256836,82.20254707336426,34.310272,36.416927
182.5290298461914,82.09602165222168,34.537277,35.990894
182.63514137268066,81.6030044555664,34.28004,36.135986
181.60059356689453,82.06330871582031,34.368927,35.949814
181.61228942871094,82.17073249816895,34.0775,36.265575
181.24993705749512,82.56090354919434,34.047962,36.156208
181.43184852600098,81.44974327087402,34.494747,36.317127
181.9391632080078,82.22795486450195,33.82852,36.431267
181.74969482421875,82.37167930603027,34.0085,36.23746
181.77147674560547,82.35158729553223,34.019928,36.17033
181.99646949768066,81.83152198791504,34.090862,36.143887
182.56393241882324,80.7795238494873,34.10935,36.225986
182.59283638000488,80.24212074279785,33.85684,36.00105
183.46119117736816,79.30156707763672,33.675,36.14151
183.75327491760254,78.76201820373535,33.387997,36.150723
184.33700370788574,78.6122932434082,33.224842,36.29473
185.21485328674316,78.17844581604004,33.27949,36.149044
185.16564559936523,77.6801929473877,33.014183,36.492077
186.00516510009766,77.46900177001953,32.858215,36.400467
186.39082717895508,76.40256881713867,32.96659,36.298775
186.0075340270996,75.96773529052734,33.105553,36.28383
186.2206802368164,76.24066543579102,32.76985,36.0225
186.9156608581543,75.47817039489746,32.86355,35.86127
186.53246688842773,75.30574226379395,33.075966,35.877438
186.5157413482666,74.80248641967773,32.894436,35.62371
187.64041328430176,74.54182624816895,32.76904,35.775646
186.24316024780273,74.43699645996094,33.265923,35.295975
187.54269981384277,73.53085136413574,32.80518,35.204304
187.38762092590332,73.74254608154297,32.660305,35.068436
187.6940631866455,73.2373046875,32.538006,34.9722
187.99432373046875,73.34524726867676,32.45366,34.93565
187.63493537902832,73.00561141967773,32.59907,34.656914
187.48038482666016,73.28647041320801,32.569946,34.80499
187.31442642211914,72.77248001098633,32.35444,34.553886
187.5941505432129,72.66068840026855,32.21778,34.374546
188.04086112976074,73.11723899841309,31.99683,34.713062
186.62146377563477,72.81068420410156,32.987587,34.427597
187.99155712127686,72.91975212097168,31.811975,33.977177
187.91572952270508,73.27102470397949,32.203224,34.11365
187.19626235961914,72.98109245300293,32.692146,34.10277
187.43234062194824,72.35910606384277,32.13883,33.85042
187.13871002197266,72.36597633361816,32.412445,33.829525
187.4360294342041,72.69140243530273,31.99429,33.67605
186.64539527893066,72.56393051147461,32.45413,33.605385
186.81620979309082,72.7989559173584,31.82072,33.3617
185.90029907226562,72.7706298828125,32.41893,33.23021
186.01866149902344,72.15124702453613,31.949554,33.027706
187.07331657409668,72.5799674987793,31.41898,32.437355
186.58975505828857,72.58763122558594,31.745554,32.636826
186.99658966064453,72.53562831878662,31.37732,31.948565
185.64394569396973,72.2557201385498,32.25069,32.29993
186.89058208465576,72.72434329986572,31.241121,31.617506
186.76110553741455,72.90737915039062,31.171003,31.477295
186.77850723266602,73.01242733001709,31.123657,31.757776
186.76809692382812,73.69051456451416,31.078407,31.448027
186.70615577697754,73.71236896514893,31.301517,31.15994
187.31219482421875,73.91402244567871,31.278313,31.485569
187.90377616882324,74.55124855041504,30.666348,31.218159
186.6643362045288,74.54426956176758,31.429781,30.806946
187.76212882995605,74.75925540924072,31.147327,30.5474
186.96325206756592,74.65538215637207,31.38711,30.783657
186.75800323486328,74.77066993713379,31.336601,31.343128
187.4710922241211,74.89643287658691,31.34227,30.926624
187.17784881591797,74.85999298095703,31.460785,31.563927
187.27828693389893,74.24234867095947,31.587637,31.426771
187.0286464691162,74.07097053527832,31.4613,31.765865
186.5905532836914,73.91773796081543,31.792152,31.941326
187.3865728378296,73.89189147949219,31.556406,32.83367
187.15385246276855,73.69473266601562,32.093563,33.46311
186.8592185974121,73.4659481048584,32.394012,34.005733
187.40546035766602,73.86808586120605,32.360443,34.872646
186.72864723205566,73.8434886932373,32.90337,35.48054
187.6204433441162,73.38262176513672,32.69528,36.083214
188.29692268371582,73.94083786010742,32.54404,37.028656
187.9762134552002,74.65853881835938,32.72742,37.016014
187.7204475402832,74.89840126037598,33.037186,36.738544
187.83522033691406,75.23429870605469,32.99444,37.05523
188.70888900756836,75.31641006469727,32.945602,37.15088
188.3864917755127,75.72137260437012,33.09151,37.06042
188.20175552368164,76.01033210754395,33.12021,37.14597
188.06493759155273,75.47616004943848,33.14804,37.07665
188.30291557312012,75.74596405029297,33.018612,37.124214
188.79325103759766,75.92076683044434,33.0839,37.135067
189.4433193206787,76.2894172668457,33.489666,36.92047
189.79439735412598,75.56541633605957,33.470005,36.986286
189.92010688781738,75.71823120117188,33.463337,36.85166
191.0687370300293,75.83220672607422,33.32309,36.73719
192.11440467834473,75.67517852783203,33.376392,36.688515
193.46433639526367,75.23963356018066,33.25229,36.66486
194.52729988098145,75.17841911315918,33.075153,36.53497
195.84120559692383,75.31065940856934,33.050507,36.348446
198.02324295043945,75.9572639465332,32.999405,36.63948
199.2456169128418,76.01476097106934,32.735992,36.26324
200.56221199035645,76.48777198791504,32.928318,36.120945
201.57263374328613,76.99455833435059,32.876392,36.325542
202.64795112609863,77.94155883789062,32.875874,36.56962
203.85172843933105,78.40865707397461,32.822216,36.488586
205.0501251220703,78.00557327270508,32.74598,36.722824
205.7553825378418,78.62743949890137,32.831085,36.935146
205.44606018066406,78.04083442687988,33.07157,36.734592
207.06774711608887,78.15242004394531,33.3744,36.93464
206.62341690063477,77.92204093933105,33.302765,37.055614
207.7513828277588,78.54648017883301,33.397633,37.46227
207.72314834594727,78.21112060546875,33.30945,37.271263
207.87828063964844,78.42278671264648,33.408745,38.099274
207.70774841308594,78.91770362854004,33.510536,38.026234
207.79099082946777,79.06080436706543,33.831173,38.091015
207.78616905212402,78.46827697753906,34.026577,37.922523
207.4532356262207,78.59375762939453,34.288055,38.46148
206.63833045959473,78.68321418762207,34.587376,38.397648
206.6494026184082,78.06901359558105,34.57338,38.284847
205.6516990661621,76.61965370178223,35.04071,38.435078
204.64969635009766,75.88335418701172,35.496162,38.58851
204.459867477417,75.21529197692871,35.512585,38.592525
203.40468406677246,73.6103515625,35.96983,38.79818
202.75849151611328,72.59249877929688,36.29705,38.992775
202.88815879821777,72.26496505737305,36.344234,39.1485
202.74641036987305,71.23464584350586,36.748077,38.96559
202.17664527893066,70.75672149658203,36.896076,39.405464
202.02581024169922,70.28847312927246,37.240715,39.55154
202.4514331817627,68.63104248046875,37.307896,39.98513
202.20639038085938,68.06219100952148,37.600548,39.83197
201.7273998260498,67.69070243835449,37.9761,40.04495
201.24537467956543,66.84031295776367,38.066372,40.05873
201.6696605682373,66.22491645812988,37.934505,40.340015
200.460542678833,66.14063453674316,38.42246,40.49155
200.89387130737305,65.21254348754883,38.528244,40.158493
200.10051155090332,64.29287719726562,38.977512,40.24343
199.87413597106934,64.06206130981445,38.944836,40.970657
200.1533145904541,63.28411293029785,39.137653,40.91425
199.9582118988037,62.684688568115234,39.519222,40.836136
199.7690601348877,62.32987022399902,39.55524,41.25851
200.31251335144043,62.03593826293945,39.511898,41.183105
199.35411071777344,61.29095268249512,40.152306,41.280453
200.22309684753418,60.22210502624512,40.102657,41.68472
199.26946830749512,59.41572570800781,40.699383,42.13581
199.53431701660156,59.460121154785156,40.4506,42.39843
199.35123252868652,59.412940979003906,40.6331,42.47454
198.47218704223633,59.097171783447266,41.00557,42.067856
198.55763244628906,58.86530303955078,40.58065,42.824974
198.19856452941895,58.983524322509766,40.68204,42.65837
197.46830558776855,58.731828689575195,40.879223,42.80318
198.32428550720215,57.883853912353516,40.92532,42.847244
197.33625984191895,57.90128135681152,41.21944,43.09866
196.77070808410645,58.13625717163086,41.18909,43.423645
196.28413200378418,58.18808174133301,41.139248,42.870075
196.0420036315918,57.37885284423828,41.212402,42.56124
195.67395210266113,57.2207088470459,41.296833,43.346066
195.16501235961914,57.427249908447266,41.247345,43.469345
195.60444831848145,56.866140365600586,41.35909,42.992107
195.36853408813477,56.81024169921875,41.266052,43.95594
195.20029258728027,56.74935722351074,41.09875,43.08006
194.7038459777832,56.830928802490234,41.242752,44.01268
195.30634117126465,57.10123825073242,41.183117,43.143234
194.91431999206543,57.40205001831055,40.89958,42.72911
194.64181327819824,57.506669998168945,41.0641,43.794575
194.6159439086914,57.89076232910156,40.876305,43.03196
194.58058547973633,58.14424514770508,40.813553,43.180923
195.81082153320312,58.21428298950195,40.497673,43.766647
195.5577564239502,58.92159652709961,40.628742,42.818756
195.37386322021484,59.53972816467285,40.475533,42.78951
195.50767517089844,59.785377502441406,40.05114,42.087807
195.33936500549316,60.13210868835449,40.219257,41.96464
196.72124862670898,60.20224571228027,39.50537,42.921078
196.78033828735352,60.80874252319336,39.716034,41.794113
196.66358757019043,61.5610294342041,39.71449,42.188465
197.11590003967285,62.07946586608887,38.939625,41.468517
197.0477180480957,62.5554256439209,38.863113,41.06941
197.75694465637207,62.79698944091797,38.570286,41.00785
197.4229965209961,63.51522254943848,38.816017,41.332417
198.1665096282959,64.69277954101562,38.301006,41.075157
199.12302780151367,65.32281684875488,37.94545,40.904392
198.51453971862793,66.37870597839355,38.04304,40.619076
199.63470458984375,66.83030319213867,37.413826,40.648483
200.19078826904297,67.70488929748535,37.28817,40.41614
200.49122428894043,68.94117736816406,37.02966,40.272682
200.73230361938477,69.59353446960449,36.719086,40.186764
200.5563087463379,70.46164894104004,36.56317,40.504383
201.52195167541504,71.04055595397949,36.342213,39.921307
201.64377975463867,72.53831100463867,36.135666,39.91475
201.98660469055176,74.21785163879395,35.798374,39.632084
202.39648818969727,74.92082023620605,35.674713,39.594692
203.17982292175293,75.92158699035645,35.386547,39.36388
203.72230911254883,77.69903373718262,35.259155,39.427807
203.68380546569824,78.59268188476562,35.034206,39.31179
204.63934898376465,79.75901412963867,34.80357,39.476364
204.87236785888672,81.2910327911377,34.73571,38.892155
205.2258071899414,81.70149230957031,34.592705,38.652733
205.60868072509766,82.12565040588379,34.266914,38.570576
206.6906509399414,82.48816299438477,34.19912,38.09439
206.7221508026123,82.42188262939453,33.997524,38.303047
207.3321018218994,82.36677551269531,33.71686,38.08451
207.7321949005127,82.35446548461914,33.52396,38.090714
208.48257064819336,81.7157039642334,33.42244,37.78108
208.6804904937744,80.75619316101074,33.905766,37.45126
208.913330078125,80.7184066772461,33.390907,37.32447
209.62228775024414,79.51682662963867,33.514908,36.931946
210.13898849487305,78.86381912231445,33.61357,36.98195
210.27641677856445,78.18988227844238,33.750244,36.643574
210.03590965270996,77.44404983520508,33.863216,36.488342
209.93882369995117,77.12537002563477,33.742874,36.57892
209.90350151062012,77.43647003173828,33.703335,36.64701
209.58744621276855,76.71517562866211,33.86514,36.605972
209.1928482055664,76.8257999420166,33.949074,36.606358
209.0639419555664,76.49751281738281,33.97135,36.211937
209.07869338989258,76.33413887023926,33.878265,36.5873
208.4786148071289,76.53802490234375,33.87159,36.559334
208.06368827819824,76.80887794494629,33.919064,36.595127
206.1504306793213,76.69906616210938,34.13016,36.973793
206.03763961791992,77.18819618225098,33.68628,36.74712
204.67316436767578,76.68417167663574,33.72944,36.647366
203.41753959655762,77.09860801696777,33.624096,36.942715
202.62239456176758,77.20012855529785,33.62622,36.5201
202.0719223022461,77.58517837524414,33.817314,36.433807
200.76817893981934,76.9863338470459,33.824413,36.40379
199.7554931640625,77.17228317260742,33.599358,36.476425
199.17760467529297,77.25953102111816,33.509865,36.425266
199.78560066223145,76.96389961242676,33.420155,36.092243
199.54999160766602,76.64561462402344,33.35092,36.109306
200.05613708496094,76.7977237701416,33.469475,36.206776
200.87932968139648,77.44583892822266,33.40956,36.249367
201.5540542602539,77.11327934265137,33.46386,36.15449
202.68252182006836,76.67929267883301,33.291473,36.1162
204.83492469787598,76.84209251403809,33.13727,36.276806
206.44537162780762,77.04733467102051,33.35725,36.431705
207.61327171325684,76.60088348388672,33.284542,36.396202
210.20754623413086,76.88299942016602,33.14496,36.704926
213.30539512634277,76.47909545898438,33.04362,36.057655
215.56169891357422,75.93824195861816,32.80497,36.408405
218.63079643249512,76.34310531616211,32.507336,36.755783
221.39189338684082,76.2115306854248,32.792423,36.60809
224.38920783996582,75.95499420166016,32.60448,36.872322
226.71782875061035,76.63409042358398,32.733295,37.1149
228.87512397766113,76.52445983886719,33.12749,36.143044
231.9769515991211,76.24390983581543,33.652016,36.39947
233.86934089660645,76.99095726013184,33.27364,36.80186
235.31171226501465,77.10175514221191,33.476513,36.61507
237.2781753540039,77.10596466064453,33.46409,36.59835
238.5229091644287,77.13970375061035,33.222073,36.6068
239.05955123901367,76.92454147338867,33.247086,36.449066
240.21231842041016,76.61474227905273,33.23153,36.46341
240.61960792541504,77.38468551635742,33.18012,36.548355
239.96777153015137,77.33501434326172,33.28845,36.340645
240.06511116027832,77.20383071899414,33.172062,36.257492
238.9185276031494,77.4428768157959,33.160816,36.432934
238.20467948913574,77.2825813293457,33.38017,36.418015
237.35908889770508,76.99651336669922,33.410843,36.528954
234.71869277954102,76.82536125183105,33.501373,36.49542
233.8342571258545,76.63459968566895,33.338634,36.20949
231.79360580444336,77.01079368591309,33.332504,36.778072
229.90241050720215,77.28302574157715,33.22624,36.383907
226.7607078552246,77.39251518249512,33.478363,36.15382
224.5707664489746,77.24085426330566,33.290695,36.44936
221.6867389678955,77.15676307678223,33.873264,36.54221
218.35603713989258,77.4927749633789,33.653763,36.68525
215.79724502563477,77.39725875854492,34.143707,36.247757
212.01530647277832,77.20893669128418,34.57387,36.24705
208.5584888458252,77.27572250366211,34.73052,36.74739
205.1538200378418,77.26018524169922,34.807358,37.120506
201.73961639404297,78.36227226257324,34.87542,36.979626
197.51747703552246,78.95699691772461,35.15951,36.846603
194.53276252746582,79.43025398254395,35.04027,36.584446
190.61836051940918,80.02781295776367,35.0612,36.456085
187.46271133422852,80.00345230102539,35.030792,36.170776
184.98102569580078,80.4056339263916,34.94094,36.496983
182.86297416687012,80.36131858825684,35.032284,36.316265
180.4067497253418,80.29872131347656,35.10594,36.53164
178.29377365112305,80.62523078918457,35.429367,37.179234
175.45326805114746,80.4951229095459,35.520016,36.977108
174.81587982177734,80.55691337585449,35.27543,37.225613
173.87777137756348,80.69829177856445,35.45316,37.20146
173.37005615234375,80.17967224121094,35.21273,37.0792
174.16700744628906,79.80034828186035,34.866447,36.905003
176.17260360717773,79.62378311157227,34.257355,36.29538
178.14530754089355,79.93192100524902,33.63281,35.91795
181.43687057495117,79.36897659301758,33.672012,36.0804
184.65076446533203,78.09939956665039,33.042625,36.9888
188.25264358520508,77.85356903076172,33.422546,37.192924
192.92229080200195,78.40092468261719,33.03395,37.5776
196.5401554107666,78.1386775970459,32.601307,38.20303
199.73792457580566,78.22051811218262,33.815052,38.65112
202.46301651000977,78.55192565917969,34.127426,38.56066
203.63870239257812,79.4492130279541,36.40226,38.94881
206.6341953277588,79.45535850524902,35.663868,38.84338
208.59526824951172,80.02234840393066,36.02514,39.06638
209.93428802490234,79.81407165527344,35.792442,38.18917
211.87682342529297,80.07432556152344,35.851616,38.64231
211.59571647644043,79.8653564453125,36.666912,38.19654
212.7923412322998,79.55819511413574,36.415768,38.39007
211.0872917175293,78.59625053405762,36.441574,38.63554
212.47428131103516,77.73978042602539,35.35737,38.313248
211.05384063720703,77.22695350646973,34.64785,38.58608
210.92328453063965,76.08455276489258,33.58839,37.89061
208.63505363464355,76.19158744812012,33.17071,37.644222
205.7931842803955,75.78850746154785,33.941593,37.05222
203.57139015197754,76.1947250366211,34.362125,36.522514
200.9047966003418,76.38162231445312,34.69348,36.92788
197.66867446899414,77.22982215881348,35.171448,37.319767
195.7469654083252,77.52284622192383,35.42452,36.801086
194.02300643920898,78.23408889770508,36.125275,36.987152
191.79712104797363,79.16267967224121,36.554493,36.756084
190.1873664855957,79.91726493835449,36.02043,36.70109
188.50812911987305,80.9188003540039,36.000076,36.715446
187.33140754699707,81.85772705078125,36.224216,37.157555
186.09094047546387,82.76333427429199,36.436764,37.256664
184.7191162109375,82.82963943481445,36.127235,36.823227
184.00021362304688,82.97137069702148,36.137383,36.95929
183.73004341125488,83.55196189880371,36.297962,37.137463
183.4480438232422,83.15077209472656,36.56539,36.889748
183.3184928894043,82.29086112976074,36.87883,37.037533
184.9823932647705,82.3485336303711,35.9247,37.122902
184.71416091918945,81.3075008392334,36.4041,36.9817
186.700777053833,80.04291534423828,36.62357,37.173622
189.08627891540527,79.26275253295898,35.509106,37.034714
191.58122444152832,78.51376152038574,35.26244,37.17204
193.58473587036133,77.96820449829102,34.732742,36.68515
195.3104190826416,77.84765434265137,34.400837,36.617336
197.14808654785156,77.38899803161621,33.80535,36.56114
199.40665817260742,76.78079223632812,33.669952,36.569374
201.96324920654297,76.94368553161621,33.492332,36.398647
204.24470138549805,76.3275318145752,33.18625,36.448154
206.84738731384277,76.44737434387207,33.158703,37.066853
208.80868911743164,76.44853782653809,33.503693,36.95448
209.64016723632812,76.38783264160156,33.236702,37.34539
211.1925106048584,75.9307632446289,32.901257,37.536827
211.6744441986084,76.21951675415039,33.092144,37.455368
212.6633701324463,76.77324104309082,32.761646,37.719074
213.38348579406738,76.5551986694336,32.777134,37.239876
213.07153701782227,76.95633506774902,32.973602,37.210323
212.65210151672363,76.82061195373535,33.193653,36.642048
212.75431632995605,76.96121406555176,32.99174,36.768696
212.43454360961914,77.24659729003906,33.040665,36.707527
212.75531768798828,77.53007698059082,32.88552,36.784122
211.6942024230957,77.60141944885254,32.752533,36.818516
210.8953399658203,76.90126991271973,32.93763,36.568928
210.54912185668945,77.23164367675781,33.070343,36.492424
209.89516067504883,77.37562942504883,32.93332,36.67906
209.57844352722168,77.72406005859375,33.167828,36.779747
209.09650039672852,77.15357971191406,33.012207,36.6175
209.002779006958,77.57158088684082,33.131596,36.73119
208.75238418579102,77.93290519714355,32.977493,36.997463
208.1617374420166,77.53380584716797,33.00971,36.75875
208.21048736572266,78.2363510131836,33.062172,36.658592
208.2863655090332,77.87600517272949,32.975403,36.545696
208.21210479736328,77.42422866821289,33.030632,36.66928
208.18234825134277,77.98947334289551,33.051235,36.69112
208.2298526763916,77.5125789642334,32.960712,36.615444
208.1394920349121,77.89552307128906,33.0298,36.853996
208.0187644958496,77.54718208312988,33.016006,36.511356
207.78893661499023,77.9461727142334,33.007477,36.84289
207.5314598083496,77.58694076538086,33.043182,36.592285
207.2893466949463,78.06184577941895,33.036762,36.76772
207.92802619934082,77.98039817810059,33.19063,36.17062
207.41963577270508,77.74634552001953,33.046783,36.886467
208.14995193481445,77.63341903686523,33.089478,36.19362
207.51230239868164,77.41922187805176,33.166534,36.721348
207.36278915405273,77.97758674621582,33.1669,36.48882
207.94612312316895,77.24686050415039,33.307667,36.113953
206.3398551940918,77.53788948059082,34.1454,36.42162
205.96171188354492,76.97238540649414,34.244995,36.369843
204.2660312652588,75.83651733398438,34.503788,36.940193
203.48101234436035,75.7552661895752,33.63872,37.271152
202.33402061462402,75.17636108398438,33.95181,37.133125
202.18216133117676,74.6318588256836,33.92133,37.28617
201.5331916809082,75.13006401062012,33.86084,37.39825
201.58077812194824,74.66849327087402,34.13908,37.1432
200.84761810302734,74.92323684692383,34.16056,37.41765
201.45759963989258,74.66797637939453,34.495712,37.38494
201.22999382019043,74.3505802154541,34.819607,37.536793
200.74423217773438,74.4909553527832,34.778145,37.710434
201.63353157043457,74.5518741607666,34.84319,37.85056
201.03968811035156,74.25666618347168,35.32421,37.709667
201.26598167419434,74.11384201049805,35.089947,37.964966
201.537748336792,74.06023597717285,35.39137,37.95191
202.23991203308105,73.90998649597168,35.522915,37.98576
201.47814750671387,74.29095649719238,35.518063,37.912296
202.37916374206543,74.02310752868652,35.264477,37.914486
202.50875091552734,73.96556663513184,35.409218,37.856213
202.92287254333496,73.96506690979004,35.408825,37.76946
202.45353317260742,74.01601028442383,35.54477,37.7408
203.1429901123047,73.81613731384277,35.362892,37.953136
202.86293411254883,74.01358604431152,35.72026,37.82887
203.2932472229004,74.2530288696289,35.767807,38.127617
203.0125503540039,74.03890800476074,35.50425,37.810024
203.1362133026123,73.97322654724121,35.56213,38.003735
203.66065406799316,74.38120651245117,35.59798,38.023926
203.32500839233398,74.20980072021484,35.401077,37.715965
203.51781272888184,74.11262321472168,35.503704,37.976833
203.85721397399902,74.2443904876709,35.449734,37.84979
203.16069984436035,74.48900985717773,35.716206,37.9169
203.39715385437012,74.29525566101074,35.521206,37.839153
204.1270580291748,74.45377540588379,35.243465,37.814915
204.0183868408203,74.75713157653809,35.345146,37.98126
204.4655704498291,74.38162040710449,35.15041,37.725307
204.8871555328369,74.38193321228027,34.98917,37.863766
206.03970336914062,74.81146621704102,34.288902,37.539886
206.4139747619629,75.36244201660156,33.87184,37.377632
208.28195571899414,75.55813980102539,33.54854,36.989044
207.76312065124512,75.02692413330078,34.0964,37.048775
208.2965965270996,75.00520515441895,34.25656,36.72669
209.1005859375,75.43385696411133,33.919624,36.614807
209.14339637756348,75.96557235717773,33.102787,36.841766
210.1671028137207,75.70622253417969,32.769135,36.78695
209.9138698577881,75.4653091430664,33.374203,36.76783
209.3732681274414,75.41900825500488,33.706917,37.172016
208.55604934692383,75.03138732910156,34.74144,37.820274
206.21319007873535,75.03139305114746,37.580524,39.253017
206.33390617370605,74.83007049560547,37.071056,38.91761
207.86624717712402,74.55546951293945,35.914425,39.366287
206.9436855316162,75.1691780090332,36.441235,40.370743
207.3359146118164,75.38214683532715,35.85221,38.927395
206.83845901489258,75.37662696838379,35.937607,40.101948
207.01865196228027,75.38016128540039,35.477337,39.637497
207.18120765686035,75.4251651763916,35.06821,39.768864
206.7693157196045,75.78302764892578,35.707867,38.710335
207.87675666809082,75.13102722167969,33.64197,39.708
207.2946376800537,75.06209945678711,34.116467,39.728577
207.54378509521484,75.37156295776367,33.84115,39.745636
208.53844261169434,75.11211204528809,32.56027,39.16891
207.38017463684082,74.67557525634766,33.722126,40.064262
207.31399726867676,74.81206893920898,33.112278,40.204895
207.2670192718506,74.72482681274414,33.011654,39.86618
206.76944732666016,74.67824935913086,33.636345,39.96364
206.4723415374756,74.8199577331543,33.582806,39.970078
205.27885627746582,75.0621166229248,34.25867,39.9277
206.21971130371094,75.4656867980957,33.847878,38.636276
205.30006790161133,74.38264083862305,34.37613,39.892197
205.61597633361816,75.46137046813965,34.259434,39.191982
205.26355171203613,74.80880355834961,33.75716,39.668045
205.2053337097168,74.97514343261719,34.293243,38.700905
203.0856647491455,74.74355888366699,36.101795,39.39877
202.99347496032715,75.4018325805664,36.635723,39.396706
202.855562210083,75.23272132873535,36.47069,38.594578
202.03030967712402,74.4617748260498,36.95062,38.9611
202.26839065551758,74.88036727905273,36.675644,39.756317
201.81064796447754,74.3446102142334,36.885273,38.700558
201.88638877868652,74.20904922485352,37.0435,39.68004
202.38674354553223,73.46412467956543,36.628452,38.70779
201.37603569030762,73.77812957763672,37.757122,39.727028
202.7264518737793,73.5925178527832,36.89801,38.715485
201.54573822021484,74.14118957519531,37.632988,39.877235
202.6610107421875,73.85202026367188,36.74845,38.36898
201.74300384521484,74.23469161987305,37.839806,39.541626
202.10192108154297,74.19784736633301,36.896294,38.66164
201.95749855041504,74.29351234436035,37.345966,39.246357
203.9898910522461,74.91888046264648,35.56115,38.790833
204.13324737548828,75.22175979614258,34.810265,38.440765
205.13419723510742,75.80942153930664,33.676773,37.87834
205.70816612243652,75.78873443603516,33.72836,37.40316
204.47280502319336,76.24287605285645,33.4093,36.823795
205.01597595214844,75.58758354187012,32.931526,36.60301
204.4665985107422,76.35479545593262,33.091835,36.49345
203.49442863464355,76.12123680114746,33.572872,36.38003
203.5526008605957,75.68726539611816,33.75406,36.390827
203.85767555236816,75.474365234375,33.69495,36.645927
201.99750137329102,75.07194328308105,34.57689,36.93997
202.20209884643555,75.00699043273926,33.775177,37.16216
201.3134708404541,75.07687950134277,33.681126,36.96069
200.5624942779541,74.67617225646973,34.10433,37.12946
199.95337104797363,74.50040054321289,34.285877,37.48831
199.74958610534668,73.84761810302734,34.606594,37.543724
200.19763374328613,73.22247886657715,34.61098,37.906536
200.19132614135742,73.22913360595703,34.726044,37.984917
200.39959526062012,73.31098365783691,34.9465,37.97231
200.86191940307617,73.29150581359863,35.040207,38.062885
200.81161499023438,73.87088394165039,35.549294,38.054123
200.80571174621582,73.80957221984863,35.65427,38.1525
200.76953315734863,73.80878067016602,35.821064,38.1071
201.00741004943848,73.72949409484863,35.8402,38.188847
201.07375144958496,73.54119491577148,35.826183,37.875015
201.65903663635254,73.51774978637695,35.6377,38.109543
201.4670009613037,73.77014350891113,35.650997,38.056553
201.45861053466797,74.04647445678711,35.45208,38.114044
201.60425567626953,73.7857666015625,35.371986,37.888786
202.3130054473877,73.79023551940918,35.0087,38.13464
202.41532707214355,74.32267570495605,34.9669,37.99226
203.18566131591797,74.84635925292969,34.71496,37.668648
202.93680381774902,75.2036075592041,34.348568,37.500202
203.448148727417,76.31910705566406,33.82191,37.81875
205.14172172546387,76.18362045288086,33.21484,37.110855
204.08740425109863,76.58308029174805,34.356068,37.21315
205.38298988342285,76.57992935180664,33.38297,37.244995
204.87606811523438,77.19995880126953,34.125435,37.02746
205.78118705749512,77.33595848083496,33.52171,37.16351
205.91553115844727,78.53625679016113,33.784393,37.15125
206.54707527160645,78.45364952087402,33.769337,36.386456
206.83936500549316,78.62231063842773,33.73023,36.815674
206.88446044921875,78.74809646606445,34.028664,36.584076
207.58139991760254,78.76665496826172,33.940937,36.91552
207.6373462677002,79.22122764587402,34.117573,37.134502
207.80608940124512,79.43656158447266,34.098263,37.14901
208.3861026763916,80.11452102661133,33.9773,36.84491
208.84685134887695,80.39960098266602,33.829025,36.679092
209.4981632232666,80.63211059570312,33.812214,36.78031
209.53191757202148,80.4355640411377,33.41014,36.305073
209.40336418151855,80.94937324523926,32.995815,36.913303
209.77651023864746,81.03081130981445,33.251904,36.508896
209.16807556152344,81.17208480834961,33.288933,36.316498
209.34620475769043,80.9868335723877,33.378536,36.575947
208.50565338134766,81.22286224365234,32.970833,36.375984
208.74818801879883,81.46217918395996,33.266693,36.72784
208.31564712524414,81.60844039916992,33.421005,36.57045
207.87006950378418,81.59410285949707,33.426617,36.60906
207.84705924987793,81.10285568237305,33.442196,36.36653
208.4266586303711,80.97736167907715,33.281517,36.371746
207.76546096801758,80.7920970916748,33.313416,36.744473
208.71660041809082,81.16865158081055,33.292484,36.55081
208.1931209564209,81.01737403869629,33.102993,36.704426
208.50795555114746,81.16888618469238,33.122036,36.393925
207.96120834350586,80.96725463867188,32.968277,36.825905
208.21380805969238,81.17961883544922,33.129185,36.46534
208.4061622619629,81.35481071472168,33.31346,36.105618
208.56593894958496,81.75071716308594,32.961987,36.316093
208.2892951965332,81.3789291381836,32.962585,36.170677
208.41517639160156,81.66694641113281,32.519005,36.51989
207.95205879211426,81.47677040100098,32.84035,36.146275
208.15230751037598,81.16853713989258,33.069233,36.55075
208.57497596740723,80.89393997192383,33.172108,36.55609
208.10892868041992,80.49463653564453,32.939087,36.50608
208.06646537780762,80.25201225280762,33.140804,36.84791
208.49601936340332,80.33003616333008,33.517933,37.054108
208.39361381530762,80.07544708251953,33.401608,36.979805
208.67312812805176,79.24232482910156,33.50362,36.8693
208.88061904907227,79.33462333679199,33.498215,37.846798
208.476655960083,79.16449165344238,33.202595,39.093784
209.28873825073242,78.72519493103027,32.916977,37.806866
209.9966220855713,78.21080589294434,31.775547,37.985622
210.15811729431152,77.90271949768066,31.516323,37.440113
210.01918983459473,78.22348976135254,31.70757,37.617924
209.66741371154785,78.01876640319824,31.383106,37.564754
209.16504001617432,78.43744087219238,31.935324,37.36359
209.70609283447266,78.05913352966309,31.543037,37.553722
209.80731964111328,77.8289909362793,31.690025,37.317154
209.3115520477295,78.00305557250977,32.10449,37.402756
209.6272439956665,77.50248336791992,31.825155,37.382324
208.31533813476562,77.80184936523438,32.705055,37.662193
209.00963020324707,77.2126235961914,31.85001,37.490562
209.31547927856445,77.5245132446289,32.07228,37.6509
209.55413055419922,77.48982810974121,32.011024,37.499462
209.30971145629883,77.86586952209473,32.20079,37.488514
210.08764266967773,77.73530197143555,31.906967,37.50598
210.41082382202148,78.15509986877441,31.99405,37.61733
210.59603691101074,78.16518783569336,31.939053,37.546127
210.36706161499023,77.91352272033691,32.13498,37.030964
211.728364944458,77.99811553955078,31.871708,37.716972
211.79808807373047,78.12589263916016,31.988106,37.284325
211.72150421142578,77.7248764038086,32.16105,36.86857
212.63442993164062,77.87473487854004,31.887474,37.19269
213.6617841720581,77.96055030822754,31.556276,37.432545
215.08966445922852,77.97202110290527,32.115234,37.031414
216.83187770843506,77.67586898803711,31.831186,37.97998
218.35345649719238,76.99200439453125,31.714375,38.698845
220.04054164886475,77.10455513000488,31.223093,39.145115
220.19748783111572,76.89205741882324,31.294668,39.21229
220.92575454711914,77.98440742492676,31.891327,38.88402
222.3184051513672,77.48711395263672,31.535011,39.13201
222.45555686950684,77.34292221069336,31.23901,39.230286
223.2016897201538,77.67668151855469,31.255655,38.973
223.4336051940918,77.92291831970215,30.954529,39.009136
223.83557415008545,77.77361106872559,31.031939,38.860714
222.6323299407959,77.55990791320801,31.791317,38.9865
223.24680519104004,77.07877349853516,30.983952,38.937782
223.06328678131104,77.45843315124512,31.10436,39.005886
222.05607223510742,77.35541152954102,31.392502,38.90628
221.9443073272705,77.12998962402344,31.100697,38.70353
221.6233148574829,77.13313865661621,31.080954,38.60516
220.78229808807373,77.06821823120117,30.936602,38.4467
220.71416473388672,77.59782028198242,30.798927,37.89653
219.2549867630005,77.44172477722168,30.76515,37.94984
218.90668773651123,77.36654281616211,31.208773,37.36075
217.3368797302246,77.38953018188477,32.124084,36.816635
216.0699863433838,77.92303466796875,32.91025,36.749428
215.52849769592285,77.20342445373535,33.020176,36.94846
213.71774864196777,77.37898826599121,33.73463,37.282757
213.8391342163086,76.74688148498535,32.851967,37.86629
213.33854484558105,76.95990371704102,33.23312,37.79344
213.54212760925293,76.7313232421875,32.99435,37.719414
212.90962409973145,77.22511100769043,33.04627,37.876232
213.55373764038086,77.22177124023438,32.62259,37.083305
213.9097499847412,77.85577201843262,32.53349,37.554424
213.8487033843994,77.59524917602539,32.477802,37.02112
213.79132843017578,77.91500282287598,32.344276,37.60523
214.6610689163208,78.19747352600098,31.611982,37.53696
214.5541477203369,78.46291732788086,31.838032,36.98712
214.26769161224365,78.92031860351562,31.553766,37.377235
214.11540603637695,79.04463195800781,31.451385,36.82537
214.66217422485352,79.29926490783691,31.19307,37.52857
214.40940189361572,78.9316577911377,31.741552,37.123524
214.646390914917,78.95187759399414,31.319454,38.05043
215.12758445739746,79.51162338256836,31.52644,37.35881
214.72571659088135,80.07609176635742,31.984,37.94745
213.46946144104004,80.3866138458252,32.885685,37.51592
212.99927520751953,80.31132125854492,32.684593,38.001022
212.79812049865723,80.16375160217285,33.16303,37.957493
213.15663146972656,80.77030372619629,33.311546,37.469486
213.48976516723633,81.06798553466797,33.119278,37.376472
212.7822494506836,81.48645401000977,33.1643,36.815704
212.40446281433105,82.61429405212402,33.286526,36.72006
212.72014236450195,82.93425178527832,33.537277,36.219883
212.37756538391113,83.43502426147461,33.391026,35.674606
212.52437210083008,84.20128059387207,33.6205,35.742985
212.7807273864746,84.01411819458008,33.385864,35.97191
213.00491523742676,83.74252700805664,33.513187,36.383987
213.03797912597656,83.81865119934082,33.283592,36.664173
213.10879707336426,82.99817276000977,33.305042,36.57898
213.3655071258545,82.62682342529297,33.214535,37.170235
212.99338722229004,82.69616889953613,33.074238,37.63709
213.03819465637207,82.45480155944824,32.847218,37.642925
213.40364456176758,82.79136085510254,32.394836,37.569813
212.49851036071777,82.77389144897461,33.085506,37.2993
212.52442932128906,83.01675033569336,32.783455,37.515793
212.2359390258789,82.6648063659668,32.909233,36.994995
212.3879280090332,82.55066871643066,32.911423,37.134113
211.9142017364502,82.81950759887695,33.163517,37.49655
211.95183181762695,82.84603500366211,32.844406,37.317764
212.08967971801758,82.41302871704102,32.71472,36.899734
211.47241020202637,82.99032402038574,32.939846,37.47555
211.36566734313965,82.58330726623535,32.85792,36.89217
211.61692810058594,82.33789443969727,32.773323,36.73105
211.2875576019287,82.24803733825684,33.025112,36.927
211.6633586883545,82.70593643188477,32.51182,36.83383
211.17727661132812,82.51791191101074,32.84481,37.192944
211.20869064331055,82.28974914550781,32.668488,37.35537
211.12675094604492,82.19190788269043,32.62767,36.951138
211.55791664123535,82.66393852233887,32.528797,36.537563
211.40933799743652,82.19308853149414,32.638714,36.616776
211.33146858215332,81.82570266723633,32.928974,36.473587
211.60583877563477,82.2960147857666,33.10396,36.48418
211.66524124145508,82.17156600952148,33.399292,36.48694
212.1060028076172,81.8858413696289,33.358665,36.60192
212.645112991333,81.27416801452637,33.312428,36.708355
212.72992706298828,80.92510223388672,32.956505,36.723427
212.0346508026123,80.79876518249512,32.805508,36.682003
212.59898567199707,80.94874572753906,32.504566,36.474464
212.31502723693848,80.5772705078125,32.884754,36.076317
212.18597221374512,80.36216354370117,32.78645,36.72513
212.19165229797363,80.52166938781738,32.68784,36.435474
211.79108047485352,80.10290908813477,32.95221,36.131256
212.86998558044434,80.13613700866699,32.60055,36.532116
213.03697967529297,80.2038631439209,32.74714,36.528225
213.7429656982422,80.20690536499023,32.622612,36.56024
213.70637321472168,80.16735458374023,32.736126,36.456146
213.96723556518555,80.04501342773438,32.76561,36.45034
214.62225723266602,79.87277793884277,32.645966,36.515697
214.60016441345215,79.64249992370605,32.607082,36.633266
214.71539878845215,79.50194931030273,32.6862,36.719406
214.97867393493652,79.60880088806152,32.77029,36.63386
215.60236740112305,79.6372299194336,32.613068,36.60224
215.2898178100586,79.62947654724121,32.652702,36.712734
214.91328048706055,79.74775695800781,32.834442,36.73301
215.03340530395508,79.5765209197998,32.858566,36.347683
215.75554656982422,79.39616584777832,32.562706,36.798237
215.14959526062012,79.50694465637207,33.05015,36.67264
215.33785438537598,79.80453872680664,32.773045,37.03955
215.0904312133789,79.82111740112305,33.211433,36.28842
214.47804641723633,79.62740516662598,33.206207,36.85857
214.85036849975586,79.8453483581543,32.91011,36.58522
214.91612434387207,80.10247993469238,32.953205,36.504673
215.1194896697998,80.23101615905762,32.788235,36.61813
214.34371376037598,79.75610542297363,32.922047,36.337513
214.41548538208008,79.79024505615234,32.767166,36.79766
214.52216148376465,79.78090286254883,33.01579,36.45273
213.98971557617188,80.0139389038086,32.995888,36.81846
213.44949340820312,79.91802597045898,33.261986,36.606064
212.45586967468262,79.90275573730469,33.565426,36.908073
212.69537353515625,80.57393264770508,33.450813,36.42743
211.73498916625977,80.65181732177734,34.11261,35.18084
211.2361888885498,80.57434463500977,34.096905,35.154846
211.48735809326172,80.2058219909668,33.945732,35.56256
211.0461540222168,80.53754425048828,33.910843,36.191566
210.9705352783203,80.07022476196289,33.823204,35.817093
211.4295768737793,80.34416198730469,33.655167,36.36315
211.0204257965088,79.90047264099121,34.10732,35.824764
210.4442367553711,79.95467948913574,33.58117,36.57922
210.52416801452637,80.10780334472656,32.774166,36.12371
210.4547061920166,80.2049388885498,32.37488,35.464306
209.76269626617432,81.23613166809082,30.297583,35.678425
209.57265090942383,81.37962341308594,26.779907,34.456642
209.14989566802979,81.70416450500488,26.022993,33.665005
208.56801319122314,81.89626502990723,26.049421,34.176632
208.30136013031006,82.44756126403809,24.785074,33.515293
208.3684844970703,82.67321014404297,24.150627,33.242775
209.2157154083252,81.88089942932129,23.470448,34.4257
208.6968698501587,81.93469429016113,23.2833,33.67171
207.941330909729,82.61919212341309,23.158957,33.55895
207.80924701690674,82.10016250610352,22.828558,33.63806
207.97355556488037,81.76581573486328,22.446703,34.073387
207.8247365951538,81.80691528320312,22.231775,33.925278
207.39263439178467,82.04129981994629,22.330889,33.57942
207.46099185943604,81.81326675415039,23.035559,34.55961
207.88032150268555,81.72494697570801,22.663094,33.9855
206.84692764282227,82.45968246459961,22.712868,33.58274
207.34413528442383,81.92816925048828,22.966026,34.60569
206.87895679473877,82.60193634033203,22.511541,33.82849
207.18517971038818,81.374755859375,23.318232,34.292953
207.38679122924805,81.82342910766602,22.701881,34.407867
206.75846672058105,82.43126487731934,22.732456,33.658672
207.27769660949707,81.95915603637695,23.111645,34.506706
207.74211406707764,81.4800853729248,23.345491,34.404644
207.45834255218506,82.5434455871582,23.275698,33.729973
207.2108612060547,82.06318092346191,24.213455,33.659595
207.31076049804688,82.90785789489746,23.740738,33.222393
207.44218254089355,82.68567848205566,25.054409,32.760853
208.52729511260986,81.43375587463379,27.304876,33.970997
208.59093475341797,81.1462459564209,30.382553,34.845104
208.55853652954102,79.74806785583496,33.462334,35.571835
209.8962345123291,79.2619800567627,33.70547,36.046497
210.6955280303955,79.31675148010254,33.73596,35.172108
211.18959426879883,79.48247337341309,33.31095,34.541805
212.2074031829834,79.42394828796387,32.79639,34.353146
211.3259677886963,79.25168991088867,33.53703,35.63983
212.36714553833008,79.59686470031738,33.23092,36.27347
213.2877712249756,79.7771987915039,33.044895,36.946022
213.6326503753662,79.53333473205566,32.88622,37.151997
213.83754348754883,79.74942779541016,32.71653,37.619408
214.15553855895996,79.24315071105957,32.894474,37.62389
214.4778060913086,79.0395679473877,32.64836,37.93993
215.10979652404785,79.25235366821289,32.544308,37.649094
215.81006622314453,79.71268463134766,32.40471,37.394066
214.94041061401367,79.77020645141602,33.16764,36.71219
216.15777778625488,79.59961891174316,32.930477,35.047123
217.15203285217285,79.66718864440918,33.028027,33.970562
218.36240196228027,80.1836109161377,32.470142,33.87305
219.19281101226807,80.40043067932129,31.762495,34.057636
218.16286659240723,80.27596473693848,33.019833,35.562366
219.0976848602295,79.50023460388184,33.35715,35.67309
218.11283111572266,79.16801643371582,34.518402,37.8075
218.4620018005371,78.6809196472168,35.15757,37.863876
217.55478858947754,77.37060737609863,35.67483,39.10445
217.6644687652588,76.52829933166504,35.35876,40.307987
217.19228172302246,76.01987266540527,35.83904,40.50082
218.37121963500977,75.95800399780273,34.872948,40.642395
218.14676666259766,75.84194564819336,34.818848,40.572983
216.6327724456787,76.32850646972656,35.60631,40.379204
217.06793212890625,77.10847282409668,35.711624,39.151745
216.62386512756348,77.4384593963623,36.323635,39.121258
215.79962921142578,77.2849292755127,36.04097,38.913685
219.33465766906738,75.85921096801758,32.9895,39.857407
217.2270336151123,76.25302314758301,34.736668,40.077824
218.68984985351562,75.30527877807617,32.992767,40.065033
217.53047561645508,75.6494312286377,33.885933,40.448566
218.92372512817383,75.17526245117188,32.768593,40.1276
216.29030227661133,75.6852970123291,34.685402,39.937305
217.99135971069336,76.037353515625,33.33416,39.57493
217.17354583740234,76.1286792755127,33.97017,39.884403
216.80287170410156,75.33178520202637,33.635834,39.839825
217.36742210388184,75.78009605407715,33.195835,39.874767
218.12639999389648,75.3477897644043,32.727287,39.885986
217.07112312316895,75.39898872375488,33.732388,40.05573
218.67592430114746,75.42002296447754,32.520954,39.993748
217.42559623718262,76.06003379821777,33.321583,40.09094
218.73637199401855,75.81285095214844,32.02007,39.88952
218.7461223602295,76.17538642883301,32.140858,39.654408
218.68568325042725,75.52623748779297,31.835909,39.725105
218.6314287185669,76.23774719238281,31.788443,39.16726
218.9626340866089,76.49863243103027,31.32261,39.34576
219.38964653015137,75.64056777954102,30.899357,39.759262
219.06077098846436,76.2332649230957,31.304728,39.288834
218.99341487884521,76.43039894104004,31.14348,39.445255
218.83522415161133,75.27086448669434,31.008583,40.220272
219.47582817077637,76.41325950622559,30.596622,39.28799
219.30141830444336,75.53063201904297,30.556221,39.96926
218.14031982421875,75.60850143432617,30.734512,39.873
218.79986763000488,76.48001098632812,30.569073,38.954277
219.10853958129883,76.32466125488281,30.436012,39.28173
218.34326267242432,76.69656753540039,30.777357,39.42717
218.47208309173584,76.73043251037598,30.578096,39.4204
219.37897205352783,76.41372871398926,30.06664,39.343983
219.28312301635742,76.46105766296387,30.398705,39.345913
218.66082954406738,75.96377563476562,30.346096,39.638054
219.37720394134521,76.36705780029297,30.119402,39.33506
219.29709434509277,76.0830307006836,30.355015,39.45272
219.27128982543945,76.03406143188477,29.786263,39.71028
219.29647636413574,75.94923210144043,29.927677,39.147793
219.06542205810547,75.60206604003906,30.025375,38.87516
217.3207654953003,75.69513893127441,30.69488,38.75095
216.66527271270752,77.15636444091797,31.413992,37.54226
215.06751441955566,77.84076499938965,33.117367,36.279003
215.53975868225098,77.80457878112793,32.07786,34.414135
215.44667053222656,78.5133171081543,31.885712,33.7688
216.1569356918335,78.58157348632812,31.226244,33.44683
216.03933334350586,78.48627281188965,31.520836,33.077312
215.2566680908203,78.24297142028809,32.024185,33.793713
214.65416431427002,78.20852661132812,31.866598,33.907204
214.43883514404297,78.23413848876953,32.107864,33.297096
214.80558395385742,78.39120292663574,32.185356,33.057446
214.16264724731445,78.0993709564209,31.992317,33.06738
214.24952125549316,77.88141822814941,32.133846,33.152515
214.67322826385498,78.65758895874023,31.755594,32.516632
213.30276107788086,78.49273204803467,32.050423,30.75963
212.97466278076172,79.26210880279541,32.488205,30.345182
212.45113563537598,78.64392185211182,32.862766,30.73429
213.40002250671387,77.55795097351074,32.332043,30.307995
211.94029235839844,79.5550422668457,33.808716,30.006638
212.49094200134277,78.2151107788086,32.51858,31.14022
211.19492721557617,78.9789810180664,34.162933,30.867561
211.52939224243164,77.40844535827637,33.42778,32.729702
211.01898765563965,76.72702598571777,33.873104,34.275738
211.4267520904541,76.19004249572754,32.926502,35.5593
211.27470207214355,76.21093559265137,32.913296,36.304638
211.14814376831055,76.32302284240723,32.221542,36.918293
210.68761730194092,76.09787559509277,31.13695,39.534283
209.9895534515381,77.01938056945801,31.099743,40.242634
210.78286266326904,76.23117446899414,30.330019,38.744537
210.0211067199707,76.5307674407959,31.046967,41.657146
211.24450397491455,75.56744194030762,30.09358,39.468075
210.022686958313,76.47903060913086,30.888975,40.493942
211.6972484588623,75.84289932250977,30.420391,40.15605
210.9898624420166,76.98053932189941,30.766376,38.94083
210.41560173034668,76.7406177520752,31.528744,40.34461
210.4502353668213,76.84010314941406,31.520283,39.776176
211.35211944580078,76.07922172546387,31.484001,38.94018
211.15085315704346,76.18106842041016,31.940886,37.52929
211.64596366882324,75.86160659790039,31.957943,36.143707
210.9947280883789,76.23058700561523,32.93293,35.739655
211.08560752868652,75.78406143188477,32.992992,35.061264
207.4948387145996,77.19768905639648,36.929474,36.80194
212.15100860595703,76.91552352905273,32.622185,35.891968
211.01181030273438,76.56777381896973,33.278084,33.276463
210.96823501586914,76.04211044311523,33.191788,33.936234
210.51913452148438,76.2489242553711,33.071526,34.096382
210.06315231323242,75.95794677734375,33.061127,36.289955
209.86151885986328,75.84626770019531,32.00036,38.55892
210.31509685516357,75.75749969482422,31.746065,39.084023
210.2299919128418,76.14467811584473,31.479538,38.80675
210.5455904006958,75.8747386932373,31.612852,38.688427
210.5367784500122,77.09683990478516,31.441694,40.78486
209.46765232086182,77.47302055358887,31.076284,41.786953
208.73915004730225,75.97052574157715,30.345728,39.223248
207.63583183288574,77.0225887298584,32.588512,42.39723
208.7682180404663,77.12495994567871,30.960718,41.682583
207.3161678314209,77.44854927062988,30.784664,42.86803
208.5838794708252,77.76196670532227,32.097706,45.3313
209.16685676574707,76.43542289733887,30.568409,41.147793
208.71227169036865,76.3085880279541,30.601831,42.50394
208.11512756347656,76.84955215454102,31.708626,44.436234
209.17905139923096,76.81851005554199,31.301771,42.54481
208.86274242401123,75.82254791259766,31.460054,45.085167
208.33687019348145,76.34217643737793,31.888248,44.361355
208.9683609008789,76.16524314880371,32.343544,46.189205
208.4849739074707,75.98476791381836,32.744965,45.29953
208.83584594726562,76.12200355529785,32.984245,46.049046
208.2783374786377,75.61855888366699,33.74895,45.089077
208.1462574005127,76.07464218139648,32.951527,48.78853
210.41124725341797,75.42018699645996,32.785713,42.39169
208.91452598571777,76.43034553527832,33.27049,47.55045
208.2011203765869,76.6000862121582,35.441837,48.71776
209.00327110290527,76.7891902923584,34.982815,45.598156
208.1916618347168,77.198974609375,36.160492,44.540855
207.95171928405762,77.27151489257812,36.223186,43.895164
208.6575222015381,77.82905578613281,35.255703,42.085854
209.07596969604492,77.57844543457031,35.341187,38.849968
209.80234146118164,77.21719932556152,34.071823,35.293896
209.8405704498291,77.38775444030762,33.441227,32.168987
209.98880195617676,78.07987022399902,32.326298,30.708462
209.8610134124756,78.8141860961914,32.000706,30.41288
209.85723686218262,78.44203472137451,31.716228,28.042292
210.16797256469727,77.95781993865967,32.83496,29.533602
209.42501068115234,78.2720193862915,33.17533,29.476904
209.41702270507812,77.70257186889648,32.066406,29.54773
209.7843894958496,77.89331722259521,33.034172,30.13067
210.16057014465332,77.59121131896973,33.018772,32.413532
210.59112739562988,76.94603157043457,32.16306,30.811893
210.7644748687744,77.67259311676025,33.401737,29.771757
210.81595420837402,77.2617301940918,33.786755,32.565514
209.88767623901367,77.18735885620117,34.032303,35.529655
210.88855171203613,78.1085433959961,33.484974,36.085754
210.3082504272461,77.55629348754883,33.598106,35.46009
210.14292526245117,78.14213180541992,33.535202,36.376167
210.12582397460938,78.06953430175781,32.78759,35.807983
209.4226245880127,78.93998146057129,32.80144,35.691372
208.796480178833,78.76102066040039,31.81284,34.961815
209.00304317474365,78.8291244506836,31.509348,35.28505
208.69532585144043,78.93626976013184,31.539562,35.434162
208.0095157623291,79.04816246032715,31.777653,35.4204
207.45782661437988,78.41714477539062,31.950352,35.75972
207.16875457763672,78.56311416625977,32.153236,35.68386
206.61545181274414,78.72936630249023,32.393265,35.923637
206.6413917541504,78.37153053283691,32.093826,36.333096
206.3088493347168,78.06429862976074,32.077255,36.52463
206.35332489013672,78.33613014221191,32.383186,36.34193
206.3728542327881,78.54575538635254,32.10925,36.46258
206.1503086090088,78.87779808044434,32.08643,36.52106
205.7770700454712,78.29395866394043,31.74085,36.609577
205.67823696136475,78.29115104675293,31.708261,36.43317
205.49648475646973,78.33710098266602,31.642094,36.48162
206.0566921234131,78.1583423614502,31.560162,36.428265
205.91846752166748,78.48425483703613,31.779436,36.71722
205.40112781524658,78.45696067810059,31.532698,36.633
205.35595417022705,78.37147903442383,31.682463,36.37864
205.2850217819214,78.19153213500977,31.686464,36.388756
205.19169998168945,78.79358291625977,32.187943,36.447044
204.96868801116943,78.28678894042969,31.744074,36.112076
205.45715999603271,78.53922080993652,31.513193,35.52663
205.38107872009277,78.88264083862305,31.888958,35.98719
205.0443353652954,78.92171287536621,31.949286,36.127613
205.4213752746582,78.74616432189941,31.959366,35.824596
205.59420204162598,78.69126892089844,31.413258,36.29367
205.74425601959229,78.91352844238281,31.29888,36.18582
206.60125923156738,78.8418960571289,31.32529,36.01001
206.85031986236572,78.86084747314453,31.492025,35.927933
206.39610290527344,79.40520477294922,32.06127,36.03218
207.41883087158203,80.14694213867188,32.475533,36.18074
207.1900863647461,79.6540641784668,32.3339,36.121223
207.943021774292,80.12738609313965,31.163357,35.40192
207.90910053253174,80.77566337585449,31.166105,35.825123
207.93177318572998,80.84779930114746,30.159304,35.781605
207.7225742340088,79.60536575317383,30.735538,35.948936
210.1382999420166,78.95691299438477,32.883793,39.819054
210.28310012817383,79.06702613830566,32.743362,40.94691
210.6593999862671,78.16211128234863,31.990625,41.98341
210.4655590057373,77.50280570983887,32.390804,39.83646
209.6982421875,79.13903999328613,31.687492,41.394726
209.2389097213745,77.85382843017578,31.753435,44.247498
208.69103813171387,78.08957862854004,32.862133,45.26559
211.02940368652344,76.94024085998535,32.796593,43.342907
211.4383783340454,76.05781745910645,31.88973,41.874157
213.35747241973877,76.75299644470215,30.736937,37.893253
213.39436721801758,76.80385398864746,31.149536,36.652927
215.2328586578369,76.24063682556152,31.322285,32.7587
213.84530639648438,76.87582397460938,32.952568,33.576935
214.82491874694824,77.73568916320801,32.40736,34.68339
215.67378616333008,77.30583953857422,32.200882,35.72998
216.55886554718018,76.84098052978516,31.78398,36.576614
217.77261924743652,77.38459396362305,30.975933,36.548927
217.67981243133545,77.37693786621094,30.611132,37.38887
217.69408130645752,77.38410568237305,31.57347,37.390175
217.19551849365234,76.91337776184082,31.805473,37.895718
216.6982946395874,77.84438133239746,31.997782,37.639133
216.90289497375488,77.57903861999512,31.913807,37.848957
216.83245468139648,77.29227828979492,31.926895,37.833794
216.53271007537842,77.0895938873291,31.994616,37.69659
216.4504451751709,77.46747589111328,31.65054,37.91385
215.9265832901001,77.01792526245117,31.744177,37.801994
216.34385585784912,77.67069435119629,31.520533,37.792263
215.70214080810547,77.27916145324707,32.13807,37.32484
215.33634090423584,77.26657104492188,31.959955,37.6389
214.89561653137207,76.88559532165527,32.21993,37.693638
215.32476711273193,77.16166687011719,31.231043,37.965347
215.27441883087158,77.65277671813965,31.370481,37.32947
216.10821437835693,77.86201477050781,31.068537,35.990616
215.39068126678467,78.36432075500488,30.907396,34.805447
215.08405017852783,78.78022003173828,31.676466,34.04576
215.2845220565796,78.99716758728027,31.410349,33.140354
215.01184368133545,78.59070205688477,31.540071,33.386986
214.73622035980225,78.64615440368652,31.6383,33.633488
214.4256830215454,79.03849601745605,31.332067,34.472553
213.96990966796875,78.63937187194824,31.977806,35.371006
214.64350700378418,79.01126480102539,31.846966,35.98275
213.96576690673828,78.63592910766602,32.87217,35.693108
214.15225219726562,78.62215614318848,32.482338,36.631832
214.0415859222412,78.91712188720703,32.942196,36.42096
213.28077697753906,78.88271141052246,32.976295,36.736317
214.08275032043457,78.62563133239746,32.703358,36.510838
214.22529792785645,78.62048530578613,32.634846,36.930737
214.01451301574707,78.26716613769531,32.323612,36.888153
213.63994026184082,78.4493522644043,32.774296,36.87548
212.36013412475586,79.02847480773926,33.01451,37.355053
212.50091552734375,78.95175170898438,33.163933,36.346268
211.5905647277832,78.81122207641602,33.60962,37.012154
211.7475757598877,78.96072959899902,33.32227,36.986393
211.69397926330566,79.57937622070312,33.583317,37.33188
210.47143936157227,79.51052856445312,34.270905,36.83539
209.0726776123047,79.80831718444824,34.52053,37.413975
208.72255325317383,80.14089965820312,34.224564,37.22824
207.60073280334473,80.47642135620117,34.417103,37.056984
205.72703170776367,81.1708812713623,34.85205,37.480793
