156.0,38.0,17,50
156.649489402771,37.77712059020996,16.133852,49.465595
157.07239818572998,37.32685852050781,16.639551,49.347916
158.1171751022339,37.869394302368164,16.6141,48.66786
157.57843208312988,37.91642379760742,16.898067,48.403862
157.82551383972168,37.83242416381836,16.634724,48.41291
158.3240909576416,37.81572151184082,17.104061,48.30685
159.83690738677979,38.599056243896484,17.080412,48.277885
159.64738082885742,38.80301475524902,17.553612,47.72594
160.91515254974365,38.83930969238281,17.00287,47.76178
162.9680414199829,38.31252861022949,16.12277,47.81995
163.9467053413391,38.860618591308594,15.571219,47.060127
164.4970440864563,38.809112548828125,15.983787,47.28096
164.9261875152588,38.53049087524414,16.806355,46.999023
167.7662959098816,38.878801345825195,15.090692,46.69122
169.35337686538696,38.53395462036133,14.742007,47.277687
169.76548624038696,38.675432205200195,15.139956,46.715046
171.6117753982544,38.258493423461914,14.606581,47.452778
173.23433113098145,38.76093864440918,14.404583,47.97231
174.136079788208,38.43728065490723,14.940052,47.56084
175.67839813232422,37.991403579711914,14.654228,47.38776
177.05839443206787,37.802045822143555,15.228136,47.9325
178.6249566078186,38.994117736816406,15.722758,47.06684
179.94027614593506,37.836320877075195,16.273882,47.77405
179.85571002960205,38.96324157714844,16.76975,47.350487
181.26114082336426,40.12692070007324,17.190777,46.130276
182.31143188476562,39.439605712890625,18.82721,46.531532
184.3609733581543,40.72065353393555,20.761757,45.694916
186.20423126220703,39.41093063354492,18.771133,46.65129
188.2249059677124,39.385337829589844,17.921556,46.731407
189.8370656967163,39.70437431335449,18.535204,46.008617
191.5528678894043,39.87729072570801,18.29496,46.30953
189.7607774734497,39.66879844665527,20.708494,47.064053
194.90442371368408,40.11142349243164,17.392088,46.63768
197.90820407867432,39.2173957824707,15.503225,47.220963
199.21349096298218,39.139360427856445,15.686887,46.451565
200.426607131958,39.544538497924805,15.597034,45.883976
202.8777494430542,40.74747085571289,15.953524,45.999107
204.44972848892212,40.75764465332031,15.994884,46.359787
205.9365472793579,42.044517517089844,16.155195,44.962387
208.41742849349976,41.715576171875,15.238004,45.78073
210.61609268188477,41.30397415161133,15.831665,46.695023
212.50148248672485,39.541748046875,15.146655,47.89827
214.47100734710693,40.84907531738281,15.133219,47.07141
216.04171752929688,40.653799057006836,16.289131,47.24113
218.10257625579834,41.27363395690918,17.058863,46.802387
219.15595531463623,40.0745964050293,18.191866,48.05242
221.70723247528076,40.480424880981445,18.363283,47.793453
224.91694259643555,41.38442611694336,17.873886,47.21244
226.87925624847412,42.209224700927734,18.038874,47.055504
229.11470222473145,42.46359634399414,17.969028,46.500084
230.19083404541016,42.470211029052734,19.335579,45.967888
231.70716381072998,42.32596015930176,20.512438,46.11897
233.319598197937,42.485328674316406,20.15793,46.48398
235.8124876022339,41.48944854736328,21.05147,46.665558
238.1906223297119,41.19314002990723,18.623676,47.07609
239.21568965911865,40.62986373901367,17.35116,46.883934
240.9185733795166,39.72115135192871,17.804249,47.31142
243.29069709777832,39.591182708740234,16.55132,48.48194
244.58921432495117,41.01650619506836,17.122086,47.416206
244.8593807220459,40.90496063232422,17.816723,46.433838
247.37229442596436,41.70973587036133,17.20511,45.534157
248.85721492767334,43.4058837890625,17.35795,44.563583
249.09531688690186,44.45066452026367,19.0703,44.125313
246.02997398376465,45.75861167907715,23.804478,43.59409
252.78473949432373,43.2048225402832,19.687601,45.499443
255.34406852722168,45.4338493347168,19.673222,44.518547
256.9454231262207,44.36917304992676,19.537514,45.301197
260.21055603027344,43.62827491760254,19.975983,45.388157
263.90674018859863,44.05102729797363,19.746243,45.917133
266.6727457046509,43.50674819946289,18.480818,45.263367
268.19914722442627,43.31667137145996,18.107962,44.07411
269.59256172180176,42.78473091125488,18.38097,44.668293
272.78187561035156,42.62239456176758,17.063484,45.217445
274.07946968078613,42.32492256164551,17.389828,46.054638
275.2715950012207,43.32554626464844,17.582619,46.746338
276.90533924102783,43.59774208068848,17.281622,46.621944
278.74382400512695,43.74739646911621,16.438591,46.37933
280.4203853607178,44.444087982177734,16.046452,46.07057
282.67744874954224,44.904911041259766,15.604438,46.320885
285.5673747062683,45.20588493347168,14.838258,46.82665
286.76904344558716,44.72747993469238,14.911925,46.58102
288.3942914009094,44.28735160827637,14.217643,46.339954
289.25076961517334,45.31970024108887,14.619463,45.433674
290.71092796325684,43.89158058166504,16.605556,47.246502
291.8053722381592,43.27114677429199,15.598125,47.39642
293.2568097114563,43.43971061706543,15.084098,48.58234
294.53777599334717,43.17426872253418,16.853968,48.69386
296.2942171096802,43.551862716674805,16.01821,48.638454
298.0852336883545,43.843467712402344,17.033558,48.61625
298.19178771972656,44.14552879333496,18.325516,47.89651
299.8069372177124,44.564247131347656,19.099688,46.61164
301.8373317718506,45.184377670288086,18.401585,45.95962
303.6100912094116,45.284393310546875,16.752657,45.99476
306.2616171836853,46.15837097167969,15.988149,45.817726
309.1269998550415,45.53885841369629,14.547529,45.921574
310.7961459159851,45.38202476501465,14.244325,46.08119
312.55739974975586,44.712059020996094,14.801697,46.858597
313.07072734832764,44.27798843383789,15.191187,47.121086
314.6626958847046,44.78491973876953,15.374491,46.905037
315.48156452178955,44.10923194885254,15.526243,47.357113
317.33617782592773,44.14413833618164,14.815231,47.54521
318.70072412490845,44.3498477935791,14.891444,47.920742
320.03666830062866,44.461002349853516,14.747685,47.23594
321.50188636779785,44.90001106262207,16.21072,47.092434
322.15330028533936,44.50863265991211,17.362238,47.987946
323.24872303009033,44.47794723510742,17.869131,47.53247
323.54472255706787,44.47566032409668,17.679338,47.52171
324.3631401062012,44.778297424316406,18.139275,47.489006
326.20177841186523,45.41726112365723,18.146141,47.05527
327.85441493988037,46.909523010253906,17.038301,45.617912
327.81115913391113,45.49553680419922,18.86031,46.66359
328.67083835601807,45.7978401184082,18.658895,46.593605
329.4188995361328,44.76094436645508,18.735817,47.609947
331.9932975769043,45.907066345214844,17.881668,46.69371
333.30363750457764,45.79021072387695,18.791124,46.829597
333.5536241531372,45.196529388427734,18.451094,47.783012
335.4072504043579,44.5429630279541,18.43041,48.13882
335.678750038147,45.25468063354492,17.341726,46.918037
336.99865436553955,45.645246505737305,17.14276,46.87032
337.8183526992798,45.40905952453613,17.073172,46.68623
338.784779548645,45.90100860595703,16.839537,46.272507
338.79528045654297,46.6614933013916,16.946571,45.59158
339.97731494903564,47.69285774230957,17.071074,45.747425
340.33103370666504,47.62612533569336,16.817959,45.42637
342.11741638183594,48.062700271606445,16.16578,45.33858
342.40921688079834,48.692630767822266,17.42219,44.319145
342.2431688308716,49.26892280578613,19.093481,44.602627
344.50117588043213,49.4679012298584,16.962568,43.834103
346.4586601257324,50.59263801574707,17.85054,43.708035
348.6647844314575,50.303171157836914,17.261114,43.990543
349.49351978302,49.48662185668945,17.083334,43.311264
350.10466289520264,49.87132453918457,17.906618,42.97398
350.2751770019531,49.65108871459961,18.033546,43.698967
351.8355293273926,49.29900550842285,17.697548,43.984882
352.03493213653564,50.257741928100586,17.87493,43.342495
353.12027168273926,49.92190361022949,18.728054,44.10393
353.703537940979,49.74910545349121,18.50865,43.987423
354.8315677642822,48.72699165344238,18.029835,44.072193
355.80115509033203,48.61699676513672,19.37262,44.740044
356.54096603393555,49.56210517883301,16.926804,44.00899
355.9338493347168,50.96723937988281,17.56099,42.44407
357.0761203765869,50.10075569152832,18.22028,42.751057
356.7678575515747,51.12672233581543,17.478178,42.393154
358.28338050842285,50.999582290649414,18.604603,42.29674
359.07209873199463,52.94646453857422,18.852339,40.19156
358.7926902770996,51.72970390319824,19.695412,41.183247
360.7670660018921,54.18465614318848,19.289934,39.417797
361.648175239563,53.56881332397461,18.772985,40.24845
356.0974702835083,53.28714942932129,19.754705,41.21265
367.10984802246094,52.84277153015137,17.962646,40.991695
369.71760654449463,49.26033401489258,18.022505,44.138756
373.1611804962158,49.03829574584961,17.50555,44.258865
374.27308082580566,48.90741539001465,20.268017,44.832607
375.72008895874023,47.20363807678223,21.447594,45.682865
376.41797256469727,45.24157905578613,22.83445,47.767216
376.0972623825073,46.33945846557617,22.44259,47.539307
376.60772609710693,47.14552116394043,21.588137,46.178417
377.54729652404785,48.35436820983887,20.060345,45.45065
378.4876070022583,48.442901611328125,20.813574,45.391624
379.751238822937,48.485233306884766,21.097132,44.418076
380.85711669921875,48.45382499694824,21.800278,44.939175
382.6294689178467,48.00234031677246,20.090961,45.55586
382.43419551849365,47.421037673950195,20.931017,45.926487
382.5419702529907,46.29877853393555,22.596357,47.399643
381.0304956436157,50.29782485961914,23.69998,43.820663
381.51257610321045,48.19859504699707,22.869547,46.577976
382.0033941268921,48.932003021240234,25.477251,46.088394
374.0087652206421,55.10678672790527,27.397234,39.968304
380.8222122192383,49.32876396179199,23.30925,44.793743
384.86914825439453,46.82396125793457,22.421173,47.627506
376.2040777206421,51.21351432800293,26.7717,43.058712
384.1725025177002,48.39088249206543,23.644894,46.196346
381.2597026824951,49.87974166870117,25.01746,44.782944
375.6416530609131,52.95987319946289,28.346684,42.804504
378.4904794692993,48.54323768615723,26.750334,47.143406
338.5799732208252,32.46533012390137,22.660809,59.345882
333.22709465026855,23.858413696289062,26.66547,64.666084
334.8646545410156,34.5893611907959,28.714142,57.313076
335.0124559402466,24.18994903564453,25.95986,64.05183
330.16213035583496,27.68738555908203,25.618961,60.86271
336.51863384246826,19.316390991210938,26.164469,72.134575
331.3358907699585,28.36469268798828,28.6001,63.24984
336.80338287353516,33.13857078552246,26.884705,57.455837
337.6853017807007,23.681068420410156,24.314165,63.269234
331.11767959594727,28.853330612182617,28.180092,62.94743
335.0655460357666,35.1588020324707,26.877514,55.163086
335.9272871017456,26.44281768798828,24.859934,63.462135
333.9348678588867,37.70851516723633,26.78572,52.75818
332.5014896392822,22.384769439697266,23.58218,65.20378
337.92484188079834,28.956695556640625,25.69536,61.258614
329.70152378082275,32.19485092163086,30.3448,56.177002
335.1826343536377,27.04344940185547,27.14146,63.51876
333.93040466308594,40.14203453063965,26.847687,50.531567
333.3334627151489,29.617097854614258,24.05509,58.611225
338.4382629394531,24.145633697509766,24.165863,65.136505
331.99056243896484,34.28808784484863,27.657608,56.992893
336.47043228149414,24.39163589477539,26.515846,64.95459
333.4876317977905,35.129703521728516,27.200197,56.80638
340.06544971466064,37.99395179748535,26.430883,52.8846
336.37458515167236,17.131671905517578,23.29592,67.63588
333.1428985595703,37.88361358642578,29.467285,53.305107
337.02557945251465,25.22152328491211,25.313984,61.329514
330.3724088668823,27.844562530517578,25.769434,60.248627
335.99033069610596,23.969383239746094,26.533224,69.1484
335.6271457672119,33.02472114562988,31.664974,57.867023
331.85535049438477,26.537931442260742,27.883522,63.93591
342.6561059951782,39.29201316833496,29.242674,51.228848
337.3871088027954,18.818408966064453,23.427076,69.73006
334.5187797546387,44.439239501953125,28.698738,46.771736
373.52721405029297,46.41088676452637,21.721008,46.495525
373.49483489990234,44.65389442443848,22.797302,47.841206
374.17589378356934,44.84092140197754,24.97292,47.01543
372.72968578338623,45.17897987365723,23.572382,47.62099
373.0189666748047,46.179941177368164,24.420639,47.505344
370.97889041900635,46.67788887023926,24.768507,46.958973
372.3687963485718,45.715078353881836,24.301271,47.3473
368.6008825302124,45.23042869567871,23.9415,48.15263
368.2297172546387,44.84537315368652,21.59652,48.14007
368.9643325805664,46.03396987915039,23.618668,46.241364
366.15642833709717,46.538177490234375,22.330545,46.440636
364.2395544052124,47.59845542907715,25.765276,45.593075
344.41986656188965,38.72260856628418,26.292263,52.743435
340.4434928894043,32.88074493408203,24.071442,58.563652
343.08162021636963,30.470996856689453,27.182104,61.215042
351.8480281829834,46.42641830444336,26.39468,46.861984
354.1527843475342,49.36513328552246,21.67683,44.089993
355.75134086608887,49.54676818847656,18.154263,43.706078
357.30307960510254,49.001487731933594,16.842403,43.741043
357.3452777862549,49.26154708862305,14.901463,43.498505
357.4749684333801,49.01066780090332,14.357131,43.566753
356.45943689346313,49.33671760559082,14.272532,43.5714
355.6454019546509,49.54821014404297,14.178701,43.669937
355.0895323753357,49.51014709472656,14.220754,44.05213
354.42605209350586,49.03503608703613,14.008873,43.707325
353.63680601119995,48.1219425201416,14.880296,44.5434
352.25777292251587,47.92977333068848,15.362979,45.42792
351.14645862579346,47.47072792053223,16.240446,45.682247
349.59778213500977,48.461965560913086,17.82312,45.646557
348.8627395629883,47.78896522521973,17.073196,46.36517
349.13940715789795,47.53217887878418,16.148485,46.59177
347.4612760543823,46.13138771057129,16.665583,47.23914
346.4288897514343,45.779850006103516,15.702683,47.47197
346.6563639640808,46.25645446777344,15.463998,47.10505
346.4870448112488,44.82269477844238,15.7908945,48.37872
344.15615940093994,43.111148834228516,15.823431,49.476868
343.9465456008911,44.16307258605957,16.021788,50.275867
345.48646688461304,45.051170349121094,15.139165,48.173912
344.14534282684326,44.5091667175293,15.149515,48.55349
342.80548429489136,45.45134735107422,15.946832,47.294273
343.0555124282837,45.56305122375488,15.925673,47.143353
341.9068269729614,45.085594177246094,15.92375,46.716545
341.67556142807007,45.84614372253418,15.69251,47.133373
340.6198482513428,45.71900749206543,15.7524605,47.228252
340.70223808288574,45.783647537231445,17.243542,47.263805
339.46055030822754,45.877010345458984,18.028965,47.10676
337.8252468109131,45.5390567779541,18.985394,47.01034
335.9679927825928,44.901702880859375,20.604824,47.138535
335.9200325012207,45.87184524536133,20.745895,46.969154
334.8757658004761,45.661312103271484,21.080614,47.21804
333.9370880126953,45.41457939147949,20.639183,47.024082
332.1354465484619,44.92267608642578,20.74239,46.86377
330.7865877151489,46.10223197937012,20.204786,46.206287
329.9662275314331,45.749881744384766,20.50641,46.318474
328.85948753356934,44.588623046875,19.9929,47.517303
327.5223331451416,44.34171676635742,21.37444,47.943504
325.6286153793335,43.726396560668945,24.09144,48.94119
324.7326202392578,43.2187557220459,24.854057,49.232365
324.46986961364746,44.06412315368652,23.616955,49.0537
323.38580226898193,43.63976860046387,24.226068,48.71172
323.3451337814331,44.71418762207031,23.029604,48.8284
322.23301887512207,43.91711235046387,19.848606,47.41527
320.71355056762695,44.81093406677246,17.894653,46.84261
319.41595935821533,45.016855239868164,16.732008,47.454906
318.37430477142334,45.287235260009766,16.70965,47.246834
316.2826118469238,45.263254165649414,17.34166,46.78435
315.0308847427368,45.59534454345703,16.621992,46.3099
313.05263900756836,44.72474479675293,16.54094,46.22211
311.8908100128174,44.96207237243652,15.289928,45.901714
310.34947967529297,44.960866928100586,14.691566,46.080593
308.6172046661377,43.882707595825195,15.254711,46.909115
307.80618476867676,43.675180435180664,14.835583,46.989307
307.08835220336914,43.82463455200195,14.320854,46.707657
305.4247646331787,43.726552963256836,14.946827,46.3258
304.3139958381653,43.654767990112305,14.60179,47.944523
302.2941770553589,43.29217338562012,15.271944,47.850414
300.7065782546997,43.23734474182129,15.94541,48.21629
298.7008171081543,43.55893898010254,16.842812,48.79983
297.3943576812744,43.93572998046875,16.76318,48.06395
295.74352645874023,43.79006385803223,17.442436,48.319897
294.66082859039307,44.428510665893555,17.653654,48.02709
292.6956624984741,45.36575889587402,18.506609,47.320545
291.068320274353,45.00142860412598,17.269548,47.83508
289.52116107940674,44.97011375427246,15.505423,47.135868
287.59325313568115,44.137901306152344,15.121767,46.088432
285.33325004577637,43.95514488220215,16.20853,46.94665
284.41433572769165,43.683433532714844,15.919345,47.20536
283.0040121078491,43.42961120605469,16.011736,46.486366
281.6590495109558,43.01913833618164,15.8709955,46.694145
280.5373821258545,43.77140426635742,14.818577,47.344826
280.15330743789673,44.02117347717285,14.208949,46.397923
278.86395597457886,44.220720291137695,14.177285,46.56387
277.0657768249512,43.99004554748535,14.608238,46.110416
275.66065645217896,44.6630859375,15.594176,44.823563
273.8209228515625,44.502511978149414,16.832855,45.131634
272.5705533027649,43.87060546875,15.858413,44.997017
272.6107749938965,45.00263786315918,14.561119,43.800465
269.6140604019165,44.08347702026367,16.085318,45.073273
267.8171854019165,43.47129249572754,15.58637,45.728962
266.020471572876,42.71401023864746,16.85056,45.729992
264.16303157806396,42.8427848815918,17.638437,46.603348
262.9080238342285,42.13137626647949,17.923325,48.502636
260.3223295211792,41.817434310913086,18.891169,47.938625
258.77888011932373,41.63511276245117,17.340448,47.366394
256.9727096557617,42.04545783996582,17.604172,46.542377
256.32052993774414,41.692121505737305,17.676186,46.391674
253.6902265548706,40.090898513793945,18.332346,51.034336
254.9934597015381,42.26133155822754,17.473804,47.40357
253.28289031982422,41.06124305725098,17.421318,47.297817
252.44676876068115,42.3297176361084,17.184366,46.13004
251.22974586486816,42.54589653015137,15.629078,46.37073
249.7101764678955,43.01132392883301,14.388317,45.810963
247.2209587097168,44.70612716674805,17.31955,43.54396
246.55922889709473,44.08190727233887,16.508022,43.89394
244.67931604385376,43.766544342041016,15.973628,43.77462
240.84526252746582,43.40232276916504,18.785557,43.810337
241.08746147155762,42.45378303527832,16.184834,45.123837
239.40597248077393,42.18807792663574,16.721434,44.509686
238.02377700805664,41.79284477233887,17.737885,45.17606
236.94659328460693,40.667701721191406,18.091967,45.926964
236.0581455230713,41.178945541381836,17.935703,46.301052
234.88679122924805,40.477073669433594,16.541374,47.155586
234.30512142181396,41.52798080444336,15.4309635,46.68451
232.30854749679565,42.472816467285156,15.491036,45.974495
230.48680019378662,42.46706962585449,15.823366,45.773968
229.43231391906738,42.633628845214844,15.906841,46.34211
227.84245777130127,42.288124084472656,15.350332,46.51268
226.24288177490234,41.78782844543457,14.9867325,46.077747
225.60543823242188,42.11397933959961,14.80452,46.865387
224.15214443206787,41.55679512023926,14.517672,46.045956
222.80471801757812,41.31819725036621,14.679634,46.31023
221.3181447982788,41.48878479003906,14.639002,46.698174
219.69170951843262,41.35420799255371,15.137844,46.804646
218.18110942840576,40.16113090515137,15.888224,47.17696
216.25140762329102,39.49907684326172,15.211594,48.386536
214.6851930618286,39.181671142578125,15.03768,47.896103
214.0067048072815,39.29815101623535,14.832767,48.39031
211.9281506538391,39.62014961242676,15.481254,48.47614
210.03992176055908,40.07506561279297,16.090277,48.116203
208.25538444519043,39.61916160583496,17.091541,48.3309
207.41816425323486,39.280067443847656,16.22479,48.680595
205.07196044921875,38.99524688720703,16.140762,48.324593
203.45567798614502,40.28823471069336,16.373129,46.23709
202.11971139907837,41.07316589355469,15.345141,45.45942
200.96192979812622,39.99372482299805,14.862494,46.195045
199.20943355560303,38.856788635253906,15.810068,46.894455
196.73014068603516,36.66534233093262,16.6381,49.25188
194.8616762161255,39.18414115905762,16.121359,46.47028
193.31841945648193,39.225830078125,16.731836,46.650276
192.0969705581665,38.577266693115234,16.26937,47.611366
190.01553916931152,39.050458908081055,17.904766,47.940098
188.75371932983398,38.90774726867676,17.949783,47.706493
186.82266902923584,38.529232025146484,19.082666,47.607124
