120.0,36.0,103,108
125.71335220336914,34.532596588134766,94.13384,109.72079
126.81170654296875,34.76212692260742,93.252106,110.056465
129.20739364624023,33.2492561340332,89.86964,111.859215
127.38517379760742,33.83285903930664,90.50959,110.6166
128.51133728027344,34.80508041381836,86.917725,109.790504
131.27024459838867,32.67128372192383,77.98902,111.92611
131.62255096435547,34.38817596435547,74.29912,109.251144
130.1173439025879,34.87318420410156,73.70922,108.871796
130.16642379760742,35.495182037353516,73.66746,108.69265
130.29226303100586,33.97481155395508,73.05967,109.62093
129.7400131225586,34.78024673461914,73.22209,108.79723
130.88217544555664,33.0396614074707,72.37603,110.59954
129.63136291503906,33.91596221923828,73.17157,109.65956
130.5832290649414,33.96254348754883,72.82066,110.62615
129.83248138427734,33.8917236328125,73.62529,110.01465
129.51030731201172,33.73029708862305,73.80684,109.841194
131.170654296875,32.444671630859375,72.997894,111.33649
129.0246124267578,33.2082633972168,73.98959,110.7869
130.27455520629883,33.01814651489258,73.23086,110.977776
130.36896896362305,32.884803771972656,73.33552,111.4839
128.75530242919922,32.03394317626953,74.07802,112.767105
132.3226547241211,29.017330169677734,72.61647,115.473885
130.29160690307617,31.162761688232422,73.5796,114.58695
129.6815643310547,28.200481414794922,73.16159,117.77152
129.75719833374023,25.501739501953125,73.30314,121.27664
130.69573211669922,26.39386749267578,72.60545,122.58101
130.48534774780273,24.86138153076172,72.888374,125.89461
130.25554656982422,22.67084503173828,72.865555,129.36485
130.16553497314453,23.733993530273438,74.658615,129.35815
129.73595428466797,25.79975128173828,73.91002,129.11568
130.5130271911621,22.60332489013672,72.765175,133.22462
129.2746124267578,22.06427764892578,74.269196,135.44273
129.36795806884766,22.199661254882812,74.5175,136.55145
128.2059669494629,23.475631713867188,75.23821,136.83353
128.54223251342773,21.708595275878906,76.04026,139.9836
125.54045104980469,21.944915771484375,78.285614,138.02682
127.33970642089844,19.348167419433594,76.91672,138.88585
126.67608261108398,12.672821044921875,76.387764,139.02979
129.21509552001953,13.187942504882812,75.70384,132.82114
129.31449508666992,15.805606842041016,75.779,125.554955
129.7963104248047,21.137535095214844,75.34607,119.15889
129.7000732421875,19.58120346069336,74.99463,119.17225
126.87384033203125,20.260982513427734,75.95111,115.77503
125.21774673461914,20.986000061035156,75.70751,116.99123
125.55154418945312,23.478919982910156,74.90265,113.14076
123.61281204223633,26.84174346923828,75.03213,108.26347
123.16209030151367,24.081806182861328,74.53446,111.06588
122.87015151977539,22.841514587402344,74.76592,112.100266
120.78388595581055,26.264297485351562,78.13331,109.509766
121.1133804321289,27.261268615722656,75.01738,108.48476
120.58272933959961,18.242084503173828,74.6717,117.28286
120.7555160522461,24.94921875,77.61955,111.815186
120.92596435546875,27.009971618652344,75.8772,108.86055
121.88610458374023,15.986076354980469,75.41959,119.72392
121.54472351074219,24.20859146118164,76.59451,112.17046
122.74625778198242,24.844100952148438,76.00706,111.262726
123.0982666015625,27.1080322265625,76.64276,109.423065
124.11657333374023,21.07530975341797,75.088326,114.76866
123.73324584960938,21.95236587524414,79.07614,114.06454
125.18042373657227,19.44373321533203,77.53603,116.74205
126.11906814575195,20.851078033447266,77.42678,114.592705
126.78218078613281,21.7049560546875,77.29489,113.81561
126.4155387878418,21.225547790527344,77.99494,114.739944
126.51100158691406,22.07708740234375,77.6745,113.65451
126.62215042114258,19.347766876220703,78.269005,116.231285
127.07662963867188,22.80913543701172,77.17374,113.28471
126.37480163574219,22.100051879882812,77.5798,114.055664
126.58451843261719,18.413318634033203,78.37485,117.901665
127.38405227661133,20.40174102783203,76.98528,116.47389
128.62175750732422,20.138343811035156,77.30351,117.12636
129.3459129333496,17.746002197265625,77.65244,120.17233
129.63867950439453,22.14572525024414,76.12587,117.66268
132.3761215209961,16.597911834716797,76.82686,124.544014
134.44899368286133,20.307662963867188,74.72076,118.79727
134.9161033630371,18.647945404052734,76.02647,121.03474
135.1957778930664,20.258678436279297,77.50246,121.814735
137.91386032104492,14.581161499023438,75.96107,128.09827
133.68102264404297,18.2718505859375,76.612045,131.39255
137.93700408935547,15.580894470214844,77.36601,131.91945
141.14214706420898,13.633102416992188,75.10218,134.94363
141.8348503112793,15.472427368164062,75.56208,135.5285
141.63129425048828,19.099952697753906,76.259964,134.70973
141.86344146728516,19.61614990234375,76.919876,136.73203
142.7830810546875,20.29937744140625,76.83139,137.85318
142.38026428222656,20.873306274414062,77.74402,137.68558
141.84279251098633,22.711936950683594,78.35302,135.0306
141.43915176391602,25.23369598388672,77.78005,131.4435
142.36198043823242,28.140464782714844,76.23426,128.15154
143.16855239868164,26.248336791992188,75.24349,128.13837
144.50697326660156,25.0364990234375,74.36255,128.27267
144.55792999267578,26.171066284179688,74.88228,126.22394
145.59017181396484,23.281158447265625,74.4651,128.39108
145.68624877929688,26.9176025390625,74.96573,125.05676
145.4897346496582,25.499774932861328,74.36227,126.04003
145.9261016845703,23.637290954589844,74.92505,127.70195
146.86307907104492,26.229263305664062,74.91767,125.15143
146.7212905883789,24.048095703125,74.541794,127.13965
147.22226333618164,24.310028076171875,74.86941,125.8356
147.0152244567871,24.17110824584961,74.735634,126.34672
147.22591400146484,22.287090301513672,74.8864,127.59995
146.85290145874023,26.015487670898438,75.33311,124.19891
146.1798553466797,23.215198516845703,75.43042,127.14831
146.7111053466797,25.020526885986328,74.92706,125.34423
146.12066650390625,24.112789154052734,74.65198,127.06742
146.8922882080078,23.228775024414062,74.462524,127.88541
147.26566696166992,26.44522476196289,73.47541,125.211205
148.86731338500977,24.860633850097656,71.077415,127.55739
155.3637466430664,18.16913604736328,64.65321,133.24269
155.92303466796875,23.304481506347656,59.883484,128.59346
156.6997528076172,10.625175476074219,57.746124,140.13112
141.76810836791992,-1.0874557495117188,67.288826,149.43617
132.88734436035156,0.259765625,69.86514,146.95663
138.81336784362793,2.0249862670898438,63.860477,144.37556
131.5809097290039,1.99951171875,70.14235,143.64075
123.92447662353516,3.255584716796875,76.79271,142.00375
120.01896286010742,6.2270050048828125,80.907906,139.36578
118.2596435546875,4.2696075439453125,83.22266,142.08197
115.93552017211914,1.890625,85.10894,143.6268
109.8716926574707,2.4846878051757812,91.121605,142.41057
120.56379318237305,0.38367462158203125,84.979225,143.57603
126.25544357299805,-0.060760498046875,81.31376,143.84372
125.55444717407227,5.1326141357421875,82.99938,137.99924
121.98797607421875,11.498153686523438,86.014404,129.00992
120.66039276123047,22.33989715576172,88.27022,116.41728
122.94282531738281,28.104820251464844,86.43115,110.45824
122.35823440551758,30.29834747314453,85.906425,107.921036
121.4757080078125,27.987445831298828,87.12723,109.96276
123.10641479492188,32.13494110107422,85.83804,106.26109
121.42572402954102,33.12691116333008,86.69512,105.44305
123.02178573608398,31.48503875732422,86.23856,104.9854
124.46620178222656,31.904922485351562,86.89584,102.43613
122.07921981811523,28.94827651977539,88.25913,103.41393
125.9757308959961,32.666114807128906,83.1375,98.131516
123.75879669189453,28.563663482666016,84.96068,100.83944
126.43867492675781,31.302715301513672,82.30429,98.78159
122.40925979614258,27.630817413330078,86.45519,102.15435
124.60539627075195,27.758216857910156,85.13427,104.19429
126.10590744018555,29.002429962158203,83.47782,103.92965
124.17306137084961,29.584964752197266,85.14219,103.91488
126.24293899536133,26.868209838867188,83.46102,106.986725
126.54990005493164,29.00217056274414,83.4013,104.82577
128.34747314453125,28.178489685058594,83.59427,104.768845
128.76748657226562,26.846778869628906,85.48886,103.72801
125.42395782470703,29.49380111694336,90.12807,98.8657
128.16481399536133,27.690204620361328,90.2579,99.963005
122.65752029418945,27.183307647705078,94.80697,98.8908
121.81707763671875,27.35314178466797,95.0733,99.487656
125.82320785522461,25.833343505859375,92.338875,100.625854
122.04748153686523,26.49349594116211,96.32783,100.04774
128.78176498413086,26.032062530517578,90.47254,100.594475
123.21368026733398,27.99142837524414,94.86936,99.07949
126.26591110229492,27.132389068603516,92.718544,99.845055
122.2710075378418,28.282955169677734,95.32447,98.16111
123.1302490234375,26.944942474365234,95.00061,100.941505
126.12677001953125,26.56496810913086,93.148224,100.95158
123.34115219116211,28.136417388916016,94.93662,99.242516
125.62473678588867,27.770217895507812,93.41541,99.329865
121.43374633789062,28.044994354248047,96.80182,99.1695
126.70005416870117,27.908843994140625,92.04853,99.65256
121.5489273071289,27.908424377441406,97.06117,99.73616
125.30241394042969,27.051055908203125,93.41232,100.906525
123.87766647338867,26.135406494140625,95.80772,100.93814
123.04837799072266,25.326000213623047,97.14702,102.631874
120.48545455932617,24.851444244384766,99.80097,103.815056
127.04217529296875,26.306446075439453,93.371826,103.080894
128.22647094726562,28.83315658569336,92.45383,100.47245
133.36061477661133,27.00067138671875,87.45779,103.079865
136.01140594482422,24.970088958740234,84.50557,105.81516
146.56459426879883,21.121654510498047,74.9605,110.80442
144.9994354248047,25.403697967529297,73.86194,108.52863
144.36423110961914,31.56222152709961,73.35403,99.87824
153.6045684814453,21.879730224609375,71.37662,107.3295
158.8882179260254,20.656112670898438,73.3959,110.57614
170.52367782592773,23.388931274414062,73.42881,111.041565
180.3236083984375,14.94089126586914,71.31287,115.79128
176.77846145629883,21.086227416992188,76.80456,110.10626
175.02599716186523,22.393646240234375,78.29899,105.48425
173.6047706604004,17.79849624633789,81.682396,104.70199
174.9578628540039,16.6009521484375,83.53761,100.411255
174.26705932617188,16.497726440429688,85.872284,98.15866
174.39291763305664,15.732170104980469,86.27502,98.336044
174.19636917114258,15.685386657714844,86.80468,99.7823
174.3661994934082,15.246170043945312,86.45074,100.05084
