322.0,131.0,22,41
320.93516063690186,131.37143325805664,23.108393,41.182556
321.51849460601807,130.6855697631836,23.454268,41.67649
319.0348205566406,129.03683280944824,23.924286,43.074947
318.7561445236206,126.45362663269043,24.341394,44.93481
316.40783500671387,124.24034881591797,25.176899,45.127983
315.51531887054443,121.88228225708008,24.308489,45.6736
314.01203536987305,121.69799613952637,24.416039,45.176693
311.6487150192261,121.36677169799805,24.887476,46.062546
309.1094102859497,121.08645248413086,24.79038,46.452347
308.7920503616333,122.99462890625,22.021917,44.853477
304.7983150482178,126.48114776611328,23.178814,41.09214
306.00783252716064,127.08113861083984,20.819944,42.674095
302.73292541503906,128.68359756469727,22.746483,43.17662
301.0777587890625,128.93675804138184,23.116783,41.989895
299.4430694580078,130.11110877990723,25.63372,41.769382
297.6630802154541,128.4840602874756,25.056309,42.104
294.216121673584,126.00009727478027,26.729416,42.51077
292.15203952789307,125.5460090637207,26.170355,42.719147
290.1039047241211,126.02652549743652,26.330116,41.30795
287.78963470458984,124.41674613952637,25.585747,42.03825
283.17687797546387,125.15742111206055,24.686062,41.363327
281.518177986145,125.96108627319336,21.932325,40.133347
279.31095695495605,127.22098922729492,19.728024,38.24559
276.3469524383545,128.85705947875977,19.026875,38.30088
275.1053113937378,131.00666999816895,17.68667,37.281345
271.5917739868164,132.20280647277832,20.6622,37.08502
268.4825744628906,132.21849632263184,21.175575,37.48435
265.32955265045166,131.40465927124023,22.780104,38.265976
262.92002296447754,129.96849822998047,24.673428,38.371758
259.34433460235596,127.62216186523438,25.901838,39.013786
256.4635486602783,126.65670204162598,27.98048,37.79571
252.1057596206665,125.59722328186035,28.093,37.689465
248.69159030914307,124.94490242004395,25.878462,37.01208
246.35561084747314,126.30707931518555,22.539724,35.82611
242.99618339538574,128.11454582214355,20.42329,34.74531
241.1913537979126,129.7780055999756,18.417616,34.752926
237.81877040863037,130.85234260559082,17.724733,34.73415
233.90815258026123,132.18421936035156,18.317575,34.07802
231.00299453735352,132.18501472473145,17.631569,34.17629
228.63122081756592,131.3813018798828,18.74151,34.700928
223.16669845581055,129.57166862487793,24.431488,36.441723
220.80180549621582,127.89171409606934,24.29073,37.32269
218.1046895980835,126.8489818572998,25.502726,36.455227
214.457501411438,125.76945495605469,26.101477,34.94216
209.85299110412598,124.95246505737305,26.425037,36.607033
207.3029203414917,123.83926582336426,23.50625,36.983974
203.23580360412598,123.90483474731445,19.77766,37.75551
200.70866107940674,124.49256706237793,19.719595,36.552113
198.16741943359375,126.74941444396973,16.646484,34.99284
196.510977268219,130.16948699951172,14.757266,33.5543
193.50667428970337,131.87432384490967,15.156947,31.963083
190.06049060821533,132.98813915252686,16.786345,31.311937
186.71702766418457,131.30873680114746,20.877773,32.8485
181.8592653274536,129.1822338104248,22.978888,34.808483
179.60535144805908,127.70894813537598,22.76943,34.404423
177.2698678970337,126.75068664550781,22.160658,32.9823
172.4460391998291,125.70625686645508,24.357143,33.1455
171.53810119628906,128.0197458267212,22.029182,30.838453
165.3215560913086,124.37514305114746,21.895195,34.02193
162.73657989501953,123.43962097167969,19.690536,35.084335
160.92513847351074,125.08035850524902,16.262394,34.3811
158.4964771270752,127.7744083404541,14.409786,32.079044
155.30776166915894,128.85761070251465,13.6862955,32.326504
151.09552383422852,130.10893726348877,16.881516,31.61476
148.05520629882812,131.24999237060547,16.064888,30.946213
145.0052785873413,129.7112579345703,21.451242,32.626236
141.85630321502686,127.53493690490723,20.944536,34.04485
139.28910446166992,125.45216751098633,20.90055,35.28546
137.36310577392578,126.46337699890137,20.784431,33.26463
136.92943382263184,125.39450168609619,18.744816,31.949171
134.07245254516602,126.91029357910156,18.981041,30.053223
129.62031173706055,126.42053890228271,19.444946,30.817911
124.00589847564697,124.25800132751465,21.446424,32.891964
120.3115644454956,124.0505485534668,20.846987,32.710037
117.64857292175293,127.5737476348877,16.9912,30.241627
115.47588777542114,128.11227416992188,14.791015,30.403122
113.53211212158203,129.89473915100098,14.167557,30.256733
110.66710472106934,132.22516536712646,17.338627,27.743471
107.15988349914551,130.77349853515625,21.468906,29.219177
104.66888904571533,128.85885620117188,20.872679,30.423508
101.42944622039795,127.39398193359375,20.601831,31.357712
100.5128870010376,124.86172866821289,19.801931,31.899986
97.67239284515381,127.21817398071289,20.06161,29.010674
95.97506046295166,128.06037616729736,18.870123,26.620115
95.15863800048828,128.58144664764404,18.642563,27.223825
87.50406455993652,126.57093715667725,18.717617,27.565454
87.31002187728882,128.40769481658936,15.1524935,27.318514
84.31171989440918,128.62225532531738,16.224674,27.038166
80.13975477218628,129.27805042266846,15.052583,27.279936
77.13296508789062,128.85073852539062,15.614883,28.780548
73.26512813568115,129.27025890350342,16.3808,29.48298
70.11202907562256,126.85366630554199,17.700045,31.272488
70.3148365020752,127.4387845993042,18.508533,30.765604
67.88487339019775,127.347975730896,17.522596,30.093035
65.40816497802734,127.58831596374512,18.517082,29.175426
60.49046325683594,125.53024005889893,21.382835,29.439909
59.88527965545654,125.85080146789551,22.078478,27.99133
61.34162902832031,125.87283992767334,18.720573,27.100672
57.244571685791016,124.93336868286133,21.275688,29.318039
55.50787925720215,125.62998580932617,21.92432,29.930237
49.86267948150635,125.65839004516602,22.840673,30.078354
45.20843029022217,125.51589012145996,18.726496,29.821743
42.63946056365967,128.10428619384766,24.839289,28.363823
39.2609167098999,129.16492748260498,12.71377,27.916063
37.13180112838745,131.2500295639038,14.696786,25.728891
36.74079084396362,131.37487030029297,15.586297,25.614723
37.14124393463135,131.4966917037964,17.119658,25.259073
32.821627616882324,128.52165603637695,18.756311,27.286415
32.24907970428467,127.68040943145752,16.874376,26.620192
28.307942390441895,127.31528759002686,18.123991,25.823053
24.88341236114502,125.09832859039307,18.761229,26.007109
20.30728530883789,124.05599880218506,21.324242,26.743364
17.20730972290039,123.11654853820801,16.810738,30.198917
16.312891960144043,122.29856777191162,16.40697,30.60763
13.404516220092773,120.46145057678223,15.996838,32.914516
11.813597202301025,125.09948348999023,14.560878,29.930359
