38.0,137.0,40,111
39.13797569274902,135.99468612670898,40.81661,110.25062
41.452768325805664,136.02144241333008,44.28407,109.67736
35.10715103149414,135.95598983764648,54.97384,110.31312
37.39435005187988,136.8404541015625,55.23965,108.36218
42.601078033447266,138.0586814880371,54.722466,107.7913
58.47631645202637,135.52107620239258,45.540684,111.63781
69.12621307373047,135.39184188842773,39.84752,112.72321
76.63268280029297,134.95845794677734,35.2343,112.407425
79.03037452697754,136.18614959716797,35.756023,112.10921
85.75120544433594,136.07621383666992,35.81021,111.00941
86.24606513977051,129.8476791381836,44.727352,117.9005
86.15287971496582,129.32911682128906,47.716885,119.73523
83.60251426696777,129.63687133789062,54.991657,117.95111
91.76737022399902,129.81095504760742,56.744892,116.617226
99.25302314758301,129.64634323120117,53.51199,118.47587
110.26644134521484,131.8191261291504,48.117325,116.951836
126.52489471435547,135.36762237548828,37.13536,113.97002
132.9550552368164,135.728515625,38.235214,114.38098
135.1565456390381,133.23768997192383,40.2885,117.18508
138.28302383422852,128.9710578918457,45.420067,120.503624
138.81836128234863,128.60903549194336,52.3681,119.79142
139.92279052734375,126.32416915893555,58.628357,121.0019
143.77907180786133,124.2993392944336,69.915855,123.317245
148.74857711791992,129.0602035522461,67.91578,118.25908
156.2126350402832,125.41279602050781,62.565605,121.65369
171.46807098388672,127.23040390014648,49.732925,120.15348
184.92525672912598,132.2252197265625,40.384228,116.1517
196.70661735534668,135.67620468139648,35.926365,112.68699
202.31997108459473,132.7432861328125,37.589397,115.589935
204.74121284484863,129.9803581237793,40.891903,118.538765
203.70609855651855,128.64556503295898,49.85526,119.26859
206.22726249694824,129.16022491455078,60.667942,117.66914
212.32464599609375,127.2303466796875,65.85599,119.284546
224.07090759277344,124.90262603759766,61.453033,122.75108
240.4744358062744,133.66165924072266,46.683544,113.27693
253.5858917236328,135.92260360717773,38.308075,111.74909
261.49011421203613,138.37246704101562,34.672085,109.122894
267.9871578216553,136.29877853393555,35.069202,111.01054
271.6027641296387,134.68853759765625,34.849037,112.391266
273.4321117401123,131.46991729736328,38.223667,114.93245
277.92283058166504,130.38027954101562,41.038982,115.1947
282.3695659637451,132.7744140625,46.866703,110.52521
287.4921188354492,131.7634048461914,48.493393,110.78084
296.0269031524658,131.66931533813477,41.854855,111.43066
303.55693435668945,134.52590560913086,35.257195,110.98484
309.31800842285156,135.32712936401367,34.99185,109.50446
316.26636505126953,136.4131851196289,33.0002,107.36961
322.72108268737793,135.5110092163086,32.145634,109.35191
327.459415435791,135.93165969848633,33.352226,108.523735
328.6560878753662,135.25181579589844,43.813557,106.95169
330.6262950897217,136.08025360107422,49.8895,105.673325
334.61901664733887,135.38594818115234,50.89078,106.11568
340.8967742919922,134.8111114501953,46.717102,106.77219
345.5129623413086,135.20727157592773,41.076706,105.68214
353.4297637939453,136.77977752685547,36.07602,104.19823
359.11147117614746,137.12754440307617,35.187336,103.99168
357.4210262298584,136.05245208740234,38.975574,105.38689
358.91909408569336,133.81828689575195,40.388832,107.11559
361.60515785217285,132.6736717224121,40.10847,105.963326
364.5576286315918,132.54328536987305,39.805367,105.143105
369.9569664001465,134.21353912353516,37.36051,101.70793
370.52080726623535,136.47242736816406,38.78758,101.28604
375.74437522888184,138.6811752319336,36.31621,97.5291
379.0641975402832,140.87141036987305,36.008995,94.57401
384.8828182220459,141.30017852783203,31.935352,95.93971
388.9597291946411,141.7169952392578,30.995123,94.69328
388.84275245666504,138.75192642211914,32.732067,98.016014
389.33813285827637,137.5731658935547,33.87946,99.01886
393.1423234939575,136.16042709350586,31.84429,98.52155
395.2221670150757,137.2616424560547,30.744112,96.88431
398.29045963287354,139.20925521850586,29.837507,93.775276
400.66437244415283,140.46876907348633,29.117651,91.97979
401.34216690063477,139.6499786376953,29.984657,94.3629
398.6095218658447,139.45873260498047,34.06764,93.49237
401.44122219085693,139.72251510620117,31.536257,91.99378
394.54565811157227,139.77126693725586,37.945717,93.86715
397.6039047241211,137.5932159423828,34.691833,93.16307
398.4140815734863,135.67421340942383,34.8285,94.77741
398.46553802490234,135.75563049316406,35.392303,93.21303
397.4431438446045,137.8225212097168,36.763935,89.98022
400.99078941345215,137.24361038208008,33.648746,90.87936
404.0168170928955,139.49271774291992,31.459545,90.378426
404.35793113708496,139.99530792236328,30.920551,89.52107
405.7226390838623,139.86439895629883,30.703053,88.6088
407.68626499176025,139.80648040771484,30.232084,88.19371
408.6989994049072,139.33672332763672,30.878582,89.02263
408.91466331481934,137.48845672607422,31.193913,89.98596
408.96258544921875,137.74628829956055,31.371796,89.257484
409.79211235046387,137.50347518920898,32.176914,88.10931
409.8393211364746,137.69906997680664,31.819405,87.01031
409.68773078918457,141.75262451171875,32.816097,83.03372
409.61118507385254,142.41762161254883,31.15501,82.066
410.3796396255493,142.79504776000977,28.73712,81.03211
410.85642528533936,142.28522109985352,27.758448,81.31815
410.415283203125,140.3182601928711,26.978683,83.78027
411.0541019439697,137.87380981445312,27.031185,84.35959
410.55932426452637,138.09986877441406,25.980808,83.87245
410.8738842010498,137.86207962036133,26.361073,81.77155
410.86070251464844,139.13695907592773,26.54686,80.79537
411.1679449081421,140.7718849182129,26.80556,79.93325
410.9707336425781,142.77465438842773,27.579803,79.19503
410.77121353149414,142.4966926574707,28.705223,78.757164
408.8562602996826,142.49240112304688,29.206806,78.66539
408.62950229644775,140.88422393798828,30.218779,78.88774
408.0517282485962,140.1448097229004,29.44229,79.77276
407.92187786102295,139.5465965270996,29.42637,79.459984
406.67499351501465,138.97374725341797,29.069157,78.947815
406.9043092727661,139.80179977416992,28.8487,77.61831
404.89422130584717,140.9010009765625,29.339167,76.74696
405.3258981704712,143.4680633544922,27.122007,73.895004
404.65983963012695,144.55806350708008,26.234184,73.26655
404.1062717437744,145.10738372802734,24.402508,71.66437
403.0035152435303,145.05055236816406,24.442707,71.9881
400.8790225982666,142.60385131835938,26.12669,73.622574
399.3094778060913,142.79082489013672,27.737963,74.55228
397.2151699066162,141.9264373779297,29.372242,73.377426
395.4905662536621,142.21532440185547,29.648277,72.2858
394.76607608795166,144.46613693237305,29.833265,70.31408
392.86400985717773,145.33981704711914,29.701256,68.80518
390.6066703796387,145.39410781860352,28.166695,68.41482
388.3357353210449,144.9561653137207,26.953972,68.517494
386.0657014846802,144.6201057434082,26.322119,68.207375
383.22342014312744,144.22999572753906,27.181456,69.926254
381.42736530303955,142.8689079284668,27.656942,70.20013
378.861909866333,142.4945297241211,28.198055,70.42827
376.6664457321167,142.28863143920898,27.818827,69.85818
374.6158628463745,142.63223266601562,26.44044,69.82083
374.18058586120605,145.11299896240234,23.46262,66.744
372.2405786514282,145.83638763427734,21.553358,65.857834
369.2059392929077,147.11702346801758,20.836107,64.70545
367.33545112609863,145.82418060302734,23.03561,65.04222
364.1516466140747,146.062255859375,25.356573,65.36154
361.3236961364746,144.7539939880371,26.753807,65.25417
357.73241996765137,144.34991836547852,29.014042,65.28159
355.26680183410645,144.4389762878418,28.856441,65.55854
354.0268487930298,145.82731819152832,27.12863,63.056927
351.56433868408203,147.21730422973633,26.05017,61.809593
348.0503168106079,148.2078151702881,24.283857,60.7204
344.97741985321045,148.80808067321777,22.66665,59.367313
341.35602474212646,145.76100540161133,23.663347,62.640648
337.69400787353516,143.80313873291016,25.427017,63.864716
335.10265254974365,144.8042755126953,26.402773,63.738663
332.9243869781494,145.46332550048828,25.948345,62.093475
330.82920265197754,145.66144371032715,24.49644,61.742374
328.0258274078369,146.13612174987793,23.352123,61.041157
325.4530735015869,146.76728439331055,21.63345,60.324257
322.1369962692261,146.40239143371582,20.718683,60.155743
319.5393486022949,146.4975872039795,20.580254,60.77141
315.78648376464844,146.29260063171387,22.71431,60.483128
311.64988708496094,145.55539894104004,24.6875,60.57191
306.353777885437,144.13701248168945,29.20341,62.151604
302.3083276748657,142.20850944519043,31.201948,62.63576
301.65715312957764,143.87685585021973,28.63772,60.88461
299.74582862854004,143.9421329498291,26.739956,61.495205
296.6215190887451,146.0836582183838,24.751148,59.236446
294.45826721191406,147.93814849853516,22.848923,57.358627
290.8677453994751,146.3382110595703,20.441053,58.540695
288.00332260131836,146.06213569641113,20.901146,58.339306
283.9923152923584,145.17485427856445,23.54633,59.037514
280.154577255249,143.70431900024414,24.79456,60.385536
275.1105833053589,143.3057746887207,27.630136,60.740288
272.7770824432373,143.10053634643555,27.089176,60.35601
269.5019474029541,145.75160217285156,26.621868,58.455017
267.48910427093506,146.8127155303955,24.16237,57.19955
265.2513704299927,145.99079132080078,20.192816,57.44142
261.8119716644287,145.8183765411377,19.799854,57.730206
257.7694730758667,147.96442794799805,20.767633,55.558296
252.85980319976807,149.09650230407715,24.30342,54.224552
248.99261093139648,147.57197761535645,26.323586,55.615353
244.4997320175171,146.08731079101562,27.955172,56.22615
240.33344554901123,143.22567749023438,29.55453,58.73265
237.12472438812256,145.43268966674805,28.446215,57.453896
235.9080581665039,147.54131317138672,24.67656,55.061523
233.28652954101562,146.56644439697266,22.282318,56.365036
229.8146619796753,145.8337345123291,19.516596,56.6918
224.73465538024902,145.81868171691895,21.859333,57.004406
219.656476020813,143.92462730407715,24.319586,58.69649
212.28573322296143,141.63354301452637,28.540548,58.485355
165.0757179260254,133.9160614013672,37.465614,106.24016
164.52422714233398,127.63031005859375,50.873344,121.01555
171.20723342895508,119.722900390625,54.74833,128.14687
174.46405220031738,120.53619384765625,55.940044,127.75267
176.47841262817383,120.98044204711914,56.250435,125.88572
179.32318115234375,112.34013366699219,61.30809,135.05269
183.95980072021484,122.3238754272461,58.01657,124.46536
188.38362503051758,125.70943069458008,51.025185,121.373634
192.53068161010742,118.05753326416016,59.514763,128.87204
201.10529708862305,125.79186248779297,53.771263,120.63544
208.32702255249023,112.13650512695312,55.8659,133.4132
213.34489250183105,116.79118347167969,55.922596,129.26772
217.18187141418457,117.54145812988281,55.494366,129.20854
219.38239860534668,117.48206329345703,58.3026,127.7121
217.19015884399414,115.9442367553711,64.51359,130.56525
221.42518997192383,118.1323471069336,65.404305,128.2099
222.81056213378906,118.94779586791992,68.05119,127.039055
229.42982864379883,119.99442291259766,65.26444,125.46771
239.98301887512207,119.94549560546875,58.965527,124.578445
246.09906005859375,121.9730453491211,54.77455,122.78842
248.71392250061035,123.39148712158203,56.56442,120.38855
252.200044631958,123.2856216430664,56.00636,120.93756
255.8661231994629,123.70049667358398,55.97077,119.78866
259.5718307495117,125.96255493164062,51.35559,117.43584
263.22850799560547,126.52590942382812,53.451447,117.076096
267.9189853668213,129.28689575195312,50.033108,114.565475
272.43395614624023,127.69754791259766,50.485344,115.79321
277.4229431152344,130.30111694335938,46.851547,112.37157
283.44995880126953,129.04294967651367,48.035553,114.75219
287.41745376586914,126.72872543334961,48.833595,116.22088
293.2300319671631,125.95737075805664,47.209293,116.558174
294.2274703979492,124.52165222167969,49.993103,117.549515
294.6826419830322,123.67958068847656,53.02566,118.59303
296.9478931427002,123.98537063598633,53.86424,118.335
300.40843200683594,124.1520004272461,54.360672,117.53616
304.6495018005371,123.99208068847656,53.73339,116.25154
311.80297088623047,125.94464111328125,49.68091,114.30147
314.4840335845947,123.24531555175781,50.17111,117.17482
317.48755073547363,124.96613693237305,50.859386,115.53292
320.757719039917,124.00644302368164,50.71642,115.60508
323.7374954223633,126.59494400024414,48.592957,112.07441
326.8149299621582,127.84727096557617,46.661232,111.477135
330.19216537475586,128.04656600952148,46.623985,110.775475
333.33557891845703,129.93437576293945,44.8667,108.66392
336.1287097930908,130.01220321655273,46.023876,107.78704
338.82294845581055,131.50159454345703,45.41439,105.520996
342.924747467041,130.97347259521484,43.280952,106.67462
347.1608600616455,129.58545303344727,42.36735,108.47764
351.9921875,127.84698486328125,40.629776,109.79707
355.91825103759766,126.57877349853516,39.168243,110.88663
356.16894721984863,126.0662956237793,41.00941,110.358055
358.92930030822754,124.42459106445312,41.142605,112.11687
359.6322383880615,124.76052474975586,43.1496,111.30929
360.7933120727539,125.12622451782227,44.018555,109.81281
363.0412425994873,126.04902648925781,44.222157,108.357895
364.4748020172119,125.97895431518555,44.595272,108.2131
366.59823989868164,126.40718841552734,44.130074,107.33533
368.77829360961914,125.40865707397461,43.20585,109.05291
370.8848762512207,126.08727264404297,42.401894,108.31018
372.6436080932617,125.05259704589844,41.45822,108.84215
374.7292251586914,126.79558944702148,41.35074,107.10241
375.32135581970215,123.9986457824707,41.84821,108.86997
376.2814407348633,126.07952880859375,41.312286,105.98195
377.732629776001,125.40703201293945,42.0274,107.041725
379.66010665893555,125.80684280395508,40.972862,106.09525
383.26357650756836,126.10779190063477,39.44628,105.18867
386.3750972747803,126.09922409057617,38.00391,106.1903
389.03845405578613,126.03411102294922,36.1085,106.473114
391.18131256103516,124.39501571655273,35.502106,107.297905
391.9085941314697,124.6851806640625,35.889797,105.3195
391.35035133361816,127.2954330444336,36.805874,103.185
391.5165786743164,126.78214645385742,37.91568,101.82543
391.97743034362793,128.6265869140625,38.034748,100.38164
392.36490631103516,128.9372215270996,38.68573,100.11584
393.36773681640625,130.30731582641602,38.056747,98.351814
393.95510482788086,130.09031677246094,37.660545,98.1537
395.2272701263428,130.12717056274414,36.772526,97.574104
396.060489654541,131.63188934326172,35.883125,95.99054
397.01941680908203,130.58800506591797,36.44348,96.19571
397.3693313598633,132.1116180419922,35.69815,95.12157
397.04404067993164,130.67626190185547,36.79496,96.3624
397.74810218811035,131.64227676391602,36.518337,93.99418
395.6815547943115,131.15629959106445,38.86298,95.150276
398.3572483062744,128.71489715576172,37.139034,96.61694
401.98439598083496,128.4925079345703,34.019688,95.9633
402.1519584655762,129.87251663208008,33.612083,96.603096
401.8374137878418,130.23895263671875,34.354057,94.45033
401.60242462158203,131.44490432739258,32.6774,92.6312
402.6441879272461,129.8458366394043,33.392487,93.50695
403.7458782196045,131.6557502746582,32.14841,89.9618
402.8635959625244,133.32625198364258,32.21069,89.5154
402.34301376342773,134.33598709106445,33.0763,87.91343
402.905517578125,135.5448760986328,31.32344,87.01759
403.39839363098145,133.49853134155273,30.936733,88.29421
403.1172924041748,133.3524169921875,30.156788,89.82196
404.04341316223145,133.28067779541016,29.011349,89.114044
402.8262519836426,132.88529586791992,28.71453,89.01176
402.292742729187,133.61824798583984,27.966852,88.306076
401.373685836792,134.1595230102539,28.531544,87.26181
397.83251953125,137.02771377563477,30.765884,85.02422
397.93723011016846,135.94260787963867,29.879095,85.06179
397.56850147247314,136.28596878051758,29.186499,84.8296
399.9248161315918,135.34359741210938,26.171867,84.359085
398.5005073547363,134.1381492614746,26.777184,86.04211
398.2565813064575,133.93181610107422,26.762182,85.02489
397.93574047088623,134.05176162719727,25.626535,85.633125
396.78230381011963,135.82616806030273,24.886076,83.14373
395.89361095428467,138.36112213134766,25.41665,81.27217
393.9709053039551,142.1822166442871,24.930168,76.625496
392.2221794128418,140.9469451904297,25.625237,77.04768
391.1416606903076,142.7770767211914,24.609333,75.145905
390.0174255371094,142.4324951171875,24.753174,74.86142
390.5991401672363,142.39820098876953,22.662392,75.222595
391.36531162261963,138.82564544677734,22.01811,78.04393
390.64202785491943,141.00181198120117,22.732409,75.83709
388.84987926483154,138.88150787353516,22.866892,78.91489
387.2734079360962,138.28053283691406,23.915342,78.165405
386.0667657852173,141.15903854370117,24.40492,76.01029
382.7663469314575,142.73069381713867,25.63767,72.65186
380.9822654724121,144.01053619384766,25.30326,70.73561
380.5213098526001,142.2303009033203,22.861998,73.95216
381.0465078353882,141.57604217529297,20.887774,73.00174
379.0333547592163,138.69384384155273,21.402452,75.69042
376.15100479125977,136.13601684570312,23.12516,78.86458
374.7279214859009,138.30921936035156,22.712034,76.36264
373.408748626709,138.8310890197754,22.818382,77.0882
372.9521675109863,139.89922714233398,21.497322,74.3325
372.47670555114746,142.50865173339844,19.979603,71.61633
370.74085807800293,144.40753173828125,19.312687,69.532104
369.9984951019287,142.65670013427734,18.822865,70.90364
368.681921005249,143.8656768798828,19.102833,68.7975
366.9048719406128,143.45479583740234,20.140436,70.04439
364.8227663040161,140.0476951599121,21.592764,73.63349
362.3482484817505,135.57931900024414,23.500525,77.06454
360.47601222991943,136.36996841430664,24.639635,75.981346
358.9328546524048,136.4944953918457,25.862822,75.66656
356.97589015960693,137.64276123046875,26.051271,74.18233
354.3529043197632,140.50096130371094,25.302568,71.45059
353.6179962158203,138.7961082458496,23.268494,72.64582
351.80409145355225,138.7252311706543,21.364748,73.17251
349.50657844543457,136.75724411010742,20.513836,74.33297
347.7812452316284,138.53657913208008,20.462458,73.17454
344.59693241119385,135.8811492919922,21.790861,75.04112
342.7908458709717,137.56304168701172,21.931202,73.42865
339.9933195114136,138.30595779418945,24.420008,72.780556
339.11752796173096,139.05250930786133,24.074759,70.95391
336.6048421859741,139.31226348876953,24.020922,70.2569
335.2436857223511,140.37703704833984,22.048273,69.77887
334.43145656585693,140.988037109375,20.675447,69.43001
333.50041484832764,140.66119384765625,19.654932,68.53743
332.5228805541992,143.0470085144043,20.159714,66.25478
330.2612075805664,139.13162231445312,21.424591,69.967285
327.9205379486084,139.81948852539062,23.606602,69.02901
325.19641971588135,140.39116287231445,25.353285,68.22193
323.81139183044434,141.42212295532227,26.112766,67.10554
321.1610050201416,141.4677848815918,26.390224,67.12917
318.9653720855713,141.74673461914062,25.013973,65.304535
317.253604888916,142.40740203857422,23.21151,65.56622
315.78014183044434,143.9141960144043,20.02161,64.05755
313.3541564941406,142.00315475463867,19.17833,65.718864
310.98711681365967,140.66038513183594,20.305048,66.86594
306.506667137146,141.06999588012695,23.528353,66.911674
301.8593969345093,140.70408248901367,27.2381,66.76913
302.6312732696533,141.33100509643555,25.816479,66.00393
300.4834871292114,142.3147201538086,24.11376,64.97089
300.02732944488525,143.60221672058105,20.633665,63.0497
299.9643325805664,144.50031661987305,18.017609,62.504417
297.55377292633057,145.66176223754883,18.167646,61.043587
293.64704608917236,143.2491397857666,19.888998,63.184673
290.9171619415283,142.01641273498535,21.795315,63.689754
289.1859827041626,143.2089328765869,23.09213,62.88586
284.5728693008423,139.87770080566406,26.484144,65.181564
283.67645835876465,140.64445877075195,26.273884,65.43639
282.69187450408936,140.3806610107422,25.253351,65.47609
280.68271350860596,142.36688041687012,25.10282,62.915516
278.25207805633545,144.98345184326172,22.871851,60.629547
277.0417146682739,144.3779697418213,20.874075,60.568966
274.6534481048584,140.68598556518555,18.73917,65.043495
268.58948040008545,135.23238372802734,22.646296,70.13931
267.2607669830322,138.78446197509766,22.022655,66.488144
265.60683727264404,135.9860496520996,23.3686,68.929405
264.3692512512207,137.99626922607422,23.476479,66.894516
262.9075336456299,135.64410400390625,22.813183,69.06444
261.7002258300781,143.01386642456055,21.330032,62.13372
259.0940237045288,140.45740509033203,19.803133,64.03151
256.40585231781006,136.4978485107422,19.127214,68.86911
254.68822956085205,142.73239135742188,19.541693,61.259506
252.44867038726807,140.88018608093262,21.293226,63.633167
250.30132007598877,140.9351806640625,22.084158,62.806274
246.47017002105713,141.8613986968994,25.240294,61.824688
238.8634557723999,136.39165496826172,28.232592,67.47737
237.62061595916748,140.8766860961914,28.747889,62.33017
233.1098690032959,129.16503524780273,31.54964,71.35258
199.75957679748535,134.04909896850586,41.541363,110.1096
207.648775100708,128.7023696899414,46.30029,118.92497
215.05115509033203,130.4268684387207,36.428238,116.562004
220.3552703857422,135.58864974975586,34.744843,110.61082
223.85267448425293,135.77283096313477,36.860477,112.00234
222.97951316833496,132.38933181762695,45.41985,114.000725
225.00457763671875,132.6547966003418,52.928192,114.07197
231.28270721435547,132.84801864624023,54.491135,111.015816
238.38622856140137,132.4445686340332,55.0109,110.644585
250.1192741394043,131.75972366333008,47.41059,111.95519
259.61337661743164,132.4977035522461,40.297783,112.07857
271.32903480529785,134.59679412841797,33.763897,109.32832
278.7340030670166,137.2493667602539,32.965282,107.912674
285.0033588409424,137.53187561035156,34.567684,107.803345
286.6858329772949,139.30761337280273,40.5561,105.45133
287.1820831298828,136.54965591430664,49.673798,106.60247
290.5016059875488,135.76070404052734,55.51284,104.63924
296.4037857055664,134.2338523864746,56.97078,105.86674
307.09545707702637,136.52529907226562,49.325138,105.19028
317.3124122619629,136.72705459594727,40.22509,104.32397
325.6168899536133,137.99641799926758,35.611923,104.014366
329.81197929382324,139.54186630249023,36.97977,100.80628
332.3860683441162,139.2739715576172,40.732746,102.58658
335.94876289367676,137.5703887939453,42.008846,99.57324
340.4589958190918,137.27505111694336,42.64985,98.26884
345.05994606018066,136.0942153930664,42.769665,100.04973
352.3288402557373,137.50596618652344,40.90305,98.62506
357.9324264526367,136.2821273803711,37.403732,101.3221
364.5716915130615,138.47336959838867,34.53243,99.68302
371.6637773513794,141.4082374572754,30.656301,96.40481
377.0915880203247,141.24496459960938,29.499899,95.359634
380.77611923217773,141.79454040527344,31.239845,94.11003
384.1772994995117,140.58665084838867,34.763596,93.119576
386.2852725982666,141.70945739746094,35.857037,90.49388
389.87768363952637,142.6366310119629,35.114384,89.97929
394.0140323638916,142.24296951293945,32.059734,90.14825
395.4852066040039,142.98556900024414,31.380615,90.41549
395.5932083129883,143.57957458496094,32.68341,88.73494
397.1158924102783,142.18767166137695,33.433865,90.89533
398.1372470855713,138.0393829345703,32.82841,93.169235
399.25126457214355,136.4106559753418,31.727314,92.640236
400.96463203430176,136.05472946166992,31.323818,92.12736
401.76375007629395,136.68158340454102,32.336605,90.04362
403.75561332702637,139.20695114135742,31.985996,88.83758
405.1956081390381,140.15895462036133,32.44765,87.526634
406.6917152404785,141.42850494384766,32.642952,86.14746
407.5832710266113,141.07395553588867,32.96746,85.860725
408.78101348876953,140.77941513061523,32.955505,85.583824
409.7451629638672,139.9318389892578,32.20479,86.02089
410.4295902252197,138.86531448364258,32.045223,87.105965
411.11448097229004,138.99255752563477,32.338985,85.05801
410.78836822509766,139.54479217529297,30.797836,82.553345
410.19975185394287,141.13823318481445,30.218584,81.64149
411.6950445175171,142.47858047485352,29.072374,80.85427
411.6042194366455,143.9681739807129,28.197231,78.838295
410.60103702545166,144.45156860351562,28.188414,79.108505
410.5233039855957,143.2422752380371,27.875465,78.49453
409.1360511779785,141.97845458984375,29.274559,79.87692
407.23890209198,140.38507461547852,30.539469,81.49552
405.20603942871094,140.14504623413086,31.369278,79.14561
404.77180671691895,140.87281799316406,32.158016,77.829056
402.86797523498535,142.20641708374023,32.4351,75.473915
402.4229345321655,145.3786506652832,31.77466,71.8077
400.83755683898926,146.34160995483398,30.549938,71.1504
398.71600818634033,145.63672637939453,29.886084,72.03285
394.945837020874,145.32648849487305,31.201405,71.79148
392.00078773498535,144.39209365844727,32.73553,72.6979
390.21190643310547,143.29086303710938,32.43576,72.74902
387.7377281188965,143.52446365356445,32.801247,71.15205
385.2454481124878,144.09783172607422,31.004587,69.90961
383.5669870376587,145.19824600219727,28.464277,69.53222
381.67414569854736,145.64699935913086,25.070227,68.667076
379.652268409729,146.3552017211914,23.373228,68.19438
376.5912380218506,147.00768280029297,25.90598,66.9176
373.6868419647217,146.59641647338867,28.859516,67.59312
370.20987606048584,145.03771591186523,30.700579,68.3487
366.955602645874,143.41854858398438,32.68384,68.265625
363.14113426208496,143.6985740661621,31.872623,67.34806
359.78039741516113,143.67309951782227,31.1291,67.50997
358.58588695526123,145.89099884033203,29.043299,65.743515
353.76741313934326,147.06396102905273,28.653193,63.3357
349.70541286468506,147.47259902954102,26.645922,62.816628
347.0827341079712,145.35537719726562,25.791334,64.37195
342.31071853637695,143.89713287353516,30.34597,66.27692
339.1050672531128,141.47676849365234,31.457102,67.79225
334.7945613861084,144.04080963134766,32.383717,64.0652
331.78868675231934,145.45759391784668,31.87061,62.890232
328.7242431640625,145.92980766296387,29.800995,62.21874
326.21183681488037,146.11055374145508,26.695208,61.498222
322.0263032913208,147.07292938232422,24.63706,60.99324
320.42951488494873,146.16595840454102,21.684153,61.16297
315.13691329956055,145.31449127197266,26.652153,61.866898
311.89054107666016,144.8421802520752,28.204865,62.59959
305.3325996398926,144.5945644378662,32.15499,61.248234
301.4542598724365,144.106107711792,33.988194,60.924183
298.4515495300293,146.39739990234375,32.792137,58.561234
295.44052600860596,146.80891799926758,30.951406,58.595253
291.95482540130615,148.54907035827637,28.965563,56.992207
286.98415660858154,146.0971164703369,23.860315,58.785458
284.8607168197632,149.57111740112305,21.349596,55.893288
280.719614982605,147.8410701751709,22.554926,56.722202
276.4813289642334,146.69910049438477,24.955357,57.305763
270.26491355895996,144.681547164917,28.974918,59.19132
266.44200706481934,142.29394721984863,29.815922,60.142574
262.0101833343506,144.0914707183838,29.360584,58.12634
257.80984687805176,145.3548183441162,28.878872,58.220295
255.50447845458984,147.1461696624756,25.553162,56.219074
252.80177879333496,148.70909309387207,22.810352,54.92451
248.85109329223633,148.67041397094727,19.285133,55.199562
242.5585126876831,146.52534103393555,21.790155,56.099815
238.22002410888672,147.33269691467285,25.078568,55.319042
232.41905117034912,147.40585708618164,27.140657,54.992973
227.66519165039062,146.39725303649902,30.340454,55.889683
222.04366302490234,146.3088779449463,32.387894,55.256634
217.5238618850708,144.72788619995117,31.53243,57.994087
211.85481452941895,141.80685424804688,29.526577,59.161118
210.20923328399658,144.26320266723633,25.289923,57.931877
171.41475677490234,142.46881866455078,28.884605,83.84868
171.95011711120605,136.86338424682617,41.78256,90.650185
173.9110164642334,133.51559829711914,48.836132,91.81426
177.6997356414795,132.5702781677246,45.764614,93.2772
181.9710578918457,130.50001907348633,46.502884,94.441826
184.45964813232422,134.57355499267578,48.096535,91.99208
198.77810287475586,132.52129364013672,38.600555,94.325516
213.9441785812378,127.4738655090332,31.436586,99.02636
218.39423751831055,130.36383056640625,31.043121,94.340454
221.68542289733887,119.64375305175781,33.735104,105.42885
219.73790168762207,124.42096710205078,40.197712,102.11905
220.8702564239502,112.96617889404297,46.401295,113.37726
224.9725856781006,119.55665969848633,48.956493,105.83857
229.3601303100586,126.80000686645508,51.025063,98.21772
242.73521041870117,127.90938186645508,41.051147,98.40583
255.15174293518066,129.04003524780273,34.431705,96.456566
261.4176712036133,132.24357986450195,32.580116,94.32813
264.603235244751,128.29486083984375,38.254154,98.70543
267.33841705322266,128.4809684753418,38.332283,97.92733
270.5551815032959,130.55999374389648,39.339306,95.42577
275.01891136169434,130.29419326782227,41.256573,95.321724
278.97367095947266,130.8824005126953,42.804512,95.00166
283.4554615020752,131.20434188842773,44.733234,93.83184
290.17916679382324,132.68058395385742,40.18014,93.299706
298.3806400299072,131.94891357421875,37.752934,93.96547
304.0096435546875,139.92627716064453,32.53887,85.97568
311.0333995819092,133.77750778198242,33.93594,93.33924
315.53707122802734,136.19287109375,32.726692,88.874146
319.26109886169434,133.00450897216797,34.71162,93.291534
318.8135223388672,132.70167541503906,38.76879,91.94997
322.48955154418945,133.0030632019043,42.968002,91.399376
325.8358459472656,133.60295867919922,45.154076,90.350006
331.59490966796875,135.14703369140625,42.69628,88.653305
336.54269218444824,135.4060821533203,39.23837,89.17323
338.2424545288086,136.98852920532227,38.13865,88.24604
341.13398361206055,140.00498580932617,36.65796,83.833855
344.80531120300293,136.39412689208984,36.370876,88.52457
346.8864059448242,133.51316452026367,35.999702,90.57047
350.25239181518555,133.53527450561523,34.734863,90.75582
351.7817554473877,133.49811935424805,35.49924,89.39715
352.938440322876,132.37961196899414,35.91506,89.57406
355.70993423461914,132.62067794799805,35.282806,88.613304
356.33584785461426,131.3178939819336,35.593494,89.71513
357.7191905975342,130.47285079956055,34.69705,90.60284
359.1991367340088,130.33256912231445,35.078022,91.68803
362.50308418273926,128.2514305114746,33.41303,92.65165
365.17286586761475,128.0781593322754,31.511621,92.25613
366.15406227111816,127.95396041870117,30.26073,92.71308
365.55425548553467,128.623291015625,29.531878,91.65761
365.34484672546387,130.03152465820312,29.35371,89.32765
363.9865446090698,131.88930892944336,29.44864,86.93995
364.0609350204468,134.66527938842773,29.093622,84.45614
364.76607513427734,134.76016998291016,28.031883,84.44032
365.1439733505249,136.72391891479492,27.26626,82.31861
365.5526485443115,134.04025268554688,26.683376,84.652374
364.9846897125244,133.9795150756836,26.31615,84.526566
363.9093818664551,132.81263732910156,27.08348,84.75694
363.37931537628174,133.18193435668945,27.778013,84.207405
362.8881559371948,134.17292022705078,26.996325,83.2962
362.27174282073975,134.17254638671875,27.046152,81.77858
360.9827537536621,137.391845703125,26.962982,78.532135
359.75691509246826,140.6803321838379,25.886843,75.477684
358.05297470092773,140.35993576049805,24.566101,75.03782
356.4488477706909,138.90338134765625,24.204409,76.941025
353.73337268829346,138.36354064941406,25.651365,77.120895
351.8491735458374,137.40229034423828,26.493662,77.94714
350.3133382797241,136.7743148803711,26.018305,77.72902
349.4737300872803,137.1287956237793,25.468685,76.74142
348.2113151550293,138.0827865600586,25.64386,76.7094
345.93534564971924,138.28195190429688,25.12126,75.325836
343.54860401153564,139.41911697387695,24.771803,74.7382
344.14971256256104,139.39672088623047,21.988836,73.93503
343.6060218811035,140.04706573486328,21.08162,73.1154
340.6838836669922,139.31846237182617,24.183754,73.194664
338.63553619384766,139.94149017333984,26.308922,73.282486
336.47730827331543,139.4139289855957,27.448513,72.361015
334.35297775268555,139.1597442626953,28.337357,71.38168
331.8619108200073,140.19599151611328,28.352282,70.60791
330.4845151901245,141.9043731689453,27.2363,69.57414
328.2567195892334,142.30255126953125,25.907955,68.30063
323.9403066635132,143.09549713134766,25.836481,67.26706
321.93212699890137,142.3099136352539,23.495022,67.790726
319.95785427093506,141.7319107055664,23.281305,68.35681
317.0330743789673,141.72765731811523,23.882467,69.2093
314.9105806350708,140.95388412475586,24.955122,69.61924
312.05786895751953,140.2955780029297,25.83477,69.70807
308.8225164413452,139.68529891967773,26.616251,69.298836
304.98003101348877,141.51346588134766,26.034056,67.59244
302.48861598968506,143.79467010498047,24.30668,65.32924
300.8878183364868,144.2355613708496,22.121237,64.97788
299.81717109680176,144.65042304992676,22.697834,63.038906
297.914662361145,145.79079627990723,24.15286,62.50308
294.8666820526123,144.2713165283203,25.852154,63.427307
291.3193483352661,141.44745635986328,28.961851,65.9137
287.8092336654663,141.8018569946289,29.707453,65.114746
285.6320466995239,142.90396690368652,28.205107,63.590946
284.1991443634033,145.72722625732422,25.693745,60.358734
280.5077095031738,144.51205253601074,24.815765,62.969257
277.61204719543457,142.30013465881348,23.211323,63.930843
275.6841354370117,146.57410621643066,20.467186,59.852398
271.7179479598999,143.4445915222168,24.219477,63.086555
267.6448678970337,136.90515899658203,25.826666,69.59294
264.2566385269165,141.36982345581055,27.26888,64.63006
262.20238494873047,141.24570655822754,27.185005,63.823223
260.16150856018066,144.0072841644287,27.297443,60.978443
259.13317489624023,145.94121170043945,22.950409,59.546944
256.590763092041,144.48286628723145,20.337296,61.986904
252.677264213562,145.6190071105957,19.478167,60.064705
248.59266757965088,144.13247108459473,20.171515,61.42213
244.50837993621826,139.1872100830078,23.16707,66.01373
241.27213191986084,140.86878204345703,24.133081,63.18187
238.54465579986572,144.96692657470703,25.582312,58.821426
236.2168264389038,147.53711700439453,26.25854,55.957214
233.61555194854736,149.8393783569336,26.16696,54.705658
231.54345035552979,148.0118637084961,24.833136,56.21884
227.36366271972656,133.64524459838867,22.907127,70.88624
214.90356826782227,132.41878509521484,28.683914,71.34845
161.22543048858643,142.1129379272461,25.869238,86.23703
164.93272495269775,142.66704940795898,29.08682,83.67217
166.4120273590088,140.33583450317383,33.227123,87.32931
164.77818870544434,138.26348114013672,37.85828,87.64978
166.36909103393555,136.68531036376953,47.361687,89.5009
171.3806610107422,134.83741760253906,51.56932,89.61087
176.83018684387207,133.45461654663086,51.319683,91.53867
187.1801471710205,133.95286560058594,44.249493,91.570404
192.7430591583252,136.61904907226562,40.045788,88.44217
206.3669948577881,136.5864486694336,32.207584,89.66942
216.82498455047607,137.2914581298828,27.638865,87.93776
221.41839790344238,138.27021408081055,27.353878,86.368904
220.65897178649902,136.990478515625,33.163532,88.80495
223.68924140930176,133.86288452148438,38.199947,90.79636
226.86333465576172,134.6565704345703,44.314713,88.43207
230.68914222717285,135.91697311401367,47.96699,87.66578
235.4953441619873,135.95940780639648,46.99576,88.3314
245.09878158569336,138.1457633972168,39.42115,86.3393
262.8152093887329,139.1021957397461,26.54286,86.01291
267.3354911804199,139.39390563964844,27.957588,85.29399
271.1337833404541,139.8718605041504,32.7077,86.02154
272.80450439453125,139.71955108642578,33.102066,85.05345
275.4766311645508,137.5759391784668,36.042953,86.430824
279.38316535949707,137.50396347045898,39.916225,85.66369
283.2060737609863,136.69701385498047,44.466026,86.927704
288.2889633178711,136.08122634887695,43.593063,87.620155
299.52735137939453,139.66586685180664,33.879898,85.06379
312.5515356063843,141.52172088623047,25.353853,83.36153
318.1387586593628,140.74285507202148,23.638605,84.34107
322.91297912597656,140.80992889404297,25.289581,84.32141
323.79957580566406,140.1657485961914,29.17781,85.26288
324.5628967285156,140.48516845703125,37.15233,83.46562
326.6744632720947,141.32996368408203,45.131023,81.89075
331.0370979309082,139.83930206298828,46.835472,83.815384
336.21837997436523,139.03122329711914,47.350655,85.38213
341.8719482421875,143.7083969116211,41.903534,81.28114
351.62171745300293,142.80401992797852,33.65241,81.98933
359.46768379211426,142.7039031982422,29.010357,82.38185
365.15973472595215,145.67795944213867,25.357365,80.00649
369.5150213241577,144.09529876708984,24.891008,80.80496
369.99886989593506,143.29320907592773,30.057573,79.486916
370.7453441619873,141.9937629699707,31.839619,80.99981
373.8122444152832,143.47661972045898,36.394554,79.98701
377.83113861083984,143.6800765991211,37.62108,79.66586
382.90658378601074,143.92472076416016,35.160496,80.40024
387.2089443206787,145.59670639038086,32.008167,79.17152
389.71804904937744,146.20245361328125,29.83711,78.00877
395.0476408004761,145.88175201416016,26.39387,78.140335
397.9072074890137,144.1255760192871,27.010933,79.29809
400.6506280899048,143.91893768310547,29.22943,79.67265
402.05969429016113,143.2195816040039,33.237164,79.30919
404.00890922546387,141.51544952392578,34.45891,80.96869
405.48118591308594,142.83930587768555,32.934204,80.0245
407.34440994262695,144.13349151611328,32.56008,78.39923
407.97105407714844,145.9650421142578,32.123978,76.90344
409.21683406829834,146.5423355102539,31.590425,76.34601
409.3187427520752,145.56377029418945,31.005367,76.38941
409.1724662780762,144.78049087524414,31.109657,77.02456
409.04693603515625,142.8844223022461,30.912582,78.01463
408.0725860595703,142.3845443725586,30.940582,79.17503
408.13429069519043,141.35641479492188,30.442661,79.82739
408.0259437561035,142.19785690307617,30.560936,77.81837
407.5090560913086,143.5282859802246,30.782059,75.789986
407.5505542755127,145.8018341064453,31.185253,73.60173
406.6439971923828,145.94893646240234,31.657196,72.644165
405.21355056762695,145.3338165283203,30.871666,73.59355
403.4400644302368,145.13422775268555,30.72038,73.03759
401.9544439315796,143.66654586791992,29.898912,74.67043
401.0822591781616,143.02701568603516,29.75928,75.28851
399.6489028930664,141.8188934326172,29.5419,76.46553
398.31857204437256,142.51383590698242,29.469027,75.336555
396.73050689697266,143.3105010986328,28.501755,74.25026
395.8888359069824,145.7866096496582,27.281563,71.56454
393.9018621444702,146.16999053955078,25.815996,70.05086
392.621374130249,146.63895416259766,24.04668,70.41008
391.2332935333252,146.00646591186523,24.417324,70.593956
389.01605319976807,144.85208129882812,27.055006,71.43623
386.9070110321045,144.98711776733398,27.789051,70.92768
384.7696933746338,144.29969787597656,29.151196,71.30803
382.5502233505249,144.36906051635742,29.988558,70.36176
380.53315353393555,144.04526138305664,30.227379,70.38418
378.2420177459717,144.60394668579102,28.567951,69.6291
376.3574275970459,145.53191757202148,27.10564,68.11437
374.1407299041748,145.18313217163086,26.065342,68.58561
371.44606494903564,144.59967422485352,24.431875,68.69013
368.63424491882324,143.9715690612793,24.05994,69.00817
365.9884567260742,143.51433944702148,25.40654,70.16613
363.92714977264404,142.10528182983398,25.809458,70.15868
360.6781692504883,142.11382293701172,27.059158,69.71626
360.43191623687744,143.69181060791016,25.46559,67.80223
357.7566452026367,145.78202438354492,24.635742,65.55006
356.80327701568604,147.85953903198242,22.40637,62.64524
355.24201107025146,149.07358741760254,20.956575,62.443096
354.0779228210449,148.33237648010254,19.119865,62.376446
352.0230875015259,148.08423233032227,21.938063,62.766106
348.9581651687622,147.54677391052246,24.3476,63.551487
346.2207908630371,146.68856811523438,26.77639,63.802063
342.7070541381836,145.2985496520996,28.569595,64.10035
340.8229503631592,146.20100593566895,28.747456,63.24998
338.82275009155273,147.59743881225586,27.299232,61.497932
336.7968635559082,148.86500930786133,26.826805,59.963966
333.78870964050293,148.74632453918457,24.968876,59.51698
331.158974647522,147.29613304138184,22.983961,60.185383
328.34321117401123,146.65745544433594,23.049067,61.329117
325.3804044723511,145.41155815124512,24.817652,62.75852
321.9001703262329,145.53204917907715,26.363081,61.795795
319.286808013916,145.66007041931152,26.363945,61.50452
317.2169876098633,146.39937019348145,25.65538,61.010235
314.6797094345093,147.3125877380371,24.661608,59.208733
311.35684299468994,146.72992324829102,22.6192,60.017616
306.99009704589844,146.40820503234863,23.23053,59.901806
301.79289531707764,144.7102508544922,26.011454,61.444214
302.4418601989746,144.8857135772705,24.502281,61.507244
300.1230707168579,144.76678848266602,25.72824,61.49108
296.780104637146,143.9276294708252,28.128923,61.613247
291.99811363220215,143.22004890441895,29.842976,61.631237
288.63256072998047,142.93502616882324,31.15718,61.75307
287.96467113494873,143.75185012817383,27.686838,61.489403
287.44926261901855,146.37185096740723,24.308628,58.55714
283.4097375869751,146.07211685180664,22.79492,58.669044
281.683217048645,146.08055877685547,19.668158,58.344315
278.2334051132202,147.36713218688965,20.099443,57.619633
274.9838638305664,144.03369331359863,22.428314,60.59788
270.9782762527466,144.60111808776855,24.486029,60.045963
267.47412300109863,143.63714981079102,25.727917,59.647896
264.50010871887207,144.31860542297363,25.033566,59.403378
263.253137588501,145.81582069396973,22.836132,57.48495
261.5772886276245,147.16975021362305,19.92367,56.773674
258.26821517944336,148.71146965026855,18.24363,54.66759
254.79355430603027,147.88081550598145,19.423313,56.10261
250.25490856170654,147.3240966796875,21.692225,56.595993
246.46174240112305,146.3674030303955,23.974373,56.720226
243.09824562072754,142.31881713867188,26.398754,60.399216
239.4291820526123,143.17350959777832,27.62363,58.478985
235.3655023574829,141.91309928894043,28.376219,60.991535
234.6844253540039,145.03481101989746,25.90947,57.6404
231.4055528640747,146.70883750915527,24.915197,55.635822
229.3106393814087,144.279203414917,21.444212,57.881
224.8694314956665,142.42365646362305,20.302809,59.88842
222.27947235107422,143.78792762756348,20.963013,59.541317
220.21216487884521,144.71829986572266,21.837328,57.689514
216.2960433959961,143.82246780395508,24.280914,58.009438
211.4561586380005,144.2294521331787,27.001593,58.114506
208.7018871307373,144.54755401611328,27.873615,56.525497
206.00821113586426,144.19616889953613,27.062878,56.970943
204.98628425598145,147.3645477294922,24.91885,54.16652
202.8976125717163,146.6776351928711,22.205141,54.49231
200.22501277923584,146.2911720275879,18.991045,55.379784
197.1207218170166,147.26936149597168,19.114223,55.29871
192.77695274353027,147.75566482543945,21.448536,54.004875
189.51611804962158,146.49287605285645,22.632498,54.459576
185.6937780380249,146.1211338043213,25.615862,55.109676
181.07092475891113,145.38943481445312,27.347332,55.25804
178.39162254333496,146.1250286102295,27.166035,54.94045
178.1029758453369,146.88767433166504,24.021694,54.328457
175.4363718032837,145.94390296936035,20.40013,54.97537
174.0433988571167,146.23682594299316,16.06759,54.863705
170.275146484375,143.81775283813477,16.438583,57.260887
166.38160228729248,144.6004867553711,19.344309,56.797806
162.05701732635498,143.94427490234375,21.963251,57.838516
157.91350650787354,141.86758995056152,26.064177,58.28049
153.9897165298462,140.52877616882324,27.924818,58.584705
149.56448554992676,142.0108871459961,28.698711,57.729767
146.53080368041992,144.38608169555664,30.564629,55.896873
143.98347759246826,145.2636947631836,30.149302,55.972656
141.92848014831543,145.77844619750977,27.160603,55.077263
141.14720630645752,145.3728256225586,23.145636,55.94771
139.99102973937988,144.58084297180176,20.840755,55.70599
138.69620895385742,145.51286697387695,20.936882,56.255745
132.7972173690796,139.32314491271973,24.299715,60.834698
133.8164300918579,141.86164474487305,22.631163,58.939644
130.09024333953857,145.31193351745605,25.862238,56.110783
127.56909561157227,146.03858375549316,25.36338,54.88223
125.08682823181152,144.2887954711914,26.309727,56.32466
126.76780033111572,144.43266487121582,23.31706,54.329296
126.33525657653809,144.18769454956055,21.04282,52.123924
124.47191905975342,144.4384250640869,21.534159,57.25947
99.18086624145508,134.63587188720703,37.13459,98.75389
89.43453598022461,133.37395858764648,49.681206,120.00489
97.93228721618652,130.29511642456055,40.520878,122.17991
101.89978981018066,131.2801055908203,36.674557,123.39337
101.21264457702637,130.66547393798828,36.771717,124.06621
102.9587287902832,127.8431625366211,34.657722,126.44652
104.42568969726562,126.54339981079102,37.139816,127.44781
104.41260147094727,130.1156768798828,40.141365,123.99399
103.73303413391113,130.1914405822754,41.023968,122.5093
104.35569763183594,129.85471725463867,41.004715,124.29282
104.98745918273926,130.45122909545898,42.92512,122.89997
105.19110298156738,132.9732894897461,43.191387,120.72771
100.97379493713379,134.52288055419922,49.27856,119.1082
97.7025089263916,132.79242706298828,51.121243,121.21214
100.62663841247559,131.19645309448242,49.806065,123.43391
97.39022445678711,128.92984008789062,51.668785,125.28519
97.81711196899414,126.9809455871582,50.101692,127.388725
