205.0,1.0,53,156
201.7976131439209,0.9470138549804688,55.587788,149.0447
201.33743858337402,0.9026565551757812,54.14934,149.62767
201.63256645202637,0.624359130859375,54.978306,148.09866
200.9379539489746,0.5393905639648438,52.77738,147.76161
200.51437759399414,1.071563720703125,53.97695,146.63068
200.41234397888184,1.2877197265625,53.70943,146.94516
200.56282234191895,1.0096893310546875,53.829556,146.47379
201.1770725250244,0.8272857666015625,52.231518,146.98843
201.47998809814453,1.5315780639648438,51.54915,146.43571
201.3241195678711,2.626373291015625,51.090805,145.71625
201.7053279876709,4.426109313964844,50.706165,144.12904
201.52929306030273,5.8195037841796875,51.157204,143.43738
201.54314422607422,5.572685241699219,51.4756,142.25267
201.85644721984863,5.80352783203125,51.117702,140.20517
202.45405769348145,6.104988098144531,50.50317,134.50761
201.32059860229492,5.833656311035156,51.59931,133.28862
200.62364768981934,5.445030212402344,50.328754,137.33134
200.26678466796875,5.429115295410156,50.707397,139.06044
199.3802719116211,5.3910980224609375,50.148605,139.99734
198.40519905090332,6.3825531005859375,50.070156,138.68332
198.46410369873047,6.803627014160156,50.416336,135.67183
196.8894863128662,8.393760681152344,50.95705,134.85497
195.7362461090088,9.51776123046875,50.693554,132.17865
194.88504028320312,11.019561767578125,49.8656,131.20108
194.4827423095703,11.110137939453125,50.927734,131.07697
194.6501922607422,11.801856994628906,48.303497,130.06276
194.24854469299316,11.49725341796875,47.95515,130.02237
194.0728645324707,11.979049682617188,46.426872,129.19537
194.07252311706543,11.133613586425781,47.23618,129.2747
193.5147247314453,11.543746948242188,46.24228,128.54501
195.14459609985352,12.17718505859375,46.662773,127.88568
195.90501403808594,12.227989196777344,47.7352,127.691696
196.1231575012207,12.619022369384766,44.844994,127.45852
197.46272087097168,13.59893798828125,44.176212,126.56503
198.33724975585938,14.169013977050781,42.945953,125.12901
200.14899826049805,15.873516082763672,42.503395,123.666176
200.13968086242676,16.115543365478516,42.127865,124.35418
200.51123809814453,17.03841781616211,42.063522,123.522865
199.82837677001953,16.913162231445312,41.21437,122.87808
200.02911376953125,17.061817169189453,42.969543,121.733086
200.39561653137207,16.80191421508789,43.23135,120.219536
200.88109397888184,16.53738784790039,42.17278,119.40038
200.68884658813477,16.399818420410156,41.36489,120.709946
200.12247848510742,16.291725158691406,41.33515,121.62294
200.61142349243164,16.116050720214844,41.130547,120.721115
199.90130805969238,16.455596923828125,40.99847,120.99664
199.25458526611328,17.44481658935547,42.820297,118.71324
199.2766876220703,17.74529266357422,43.363007,117.159164
199.50478744506836,17.862010955810547,43.629707,117.745766
199.7208652496338,18.319137573242188,44.97929,115.31125
200.83440399169922,18.56102752685547,43.205917,115.51106
201.4233455657959,19.558639526367188,42.80901,115.359344
201.54333686828613,20.886951446533203,42.174038,113.22283
201.81130981445312,21.58637237548828,41.03781,113.97218
201.61591720581055,21.039794921875,40.538795,111.54053
202.51806259155273,20.64989471435547,40.29798,111.80937
202.75120162963867,21.016357421875,40.18226,111.43115
204.65941047668457,20.5128173828125,40.071316,113.10806
204.35182189941406,20.891063690185547,40.1528,113.2526
205.57061386108398,20.343101501464844,40.033302,112.48338
205.3426570892334,21.979934692382812,38.942463,111.59909
205.61115074157715,22.694271087646484,39.075397,110.38938
206.44725799560547,22.872074127197266,38.548935,110.5097
206.9430751800537,23.83297348022461,38.429493,109.43293
207.0611629486084,24.649166107177734,38.793995,109.7584
208.38006973266602,23.565017700195312,38.90377,107.706116
208.67810440063477,24.872791290283203,38.238853,106.09261
208.79434776306152,24.596172332763672,37.897083,106.7562
209.00628471374512,23.966045379638672,38.33057,108.19227
208.82258987426758,22.701316833496094,37.081505,109.7531
207.8614330291748,23.62371826171875,37.482487,109.76364
207.1220302581787,24.072128295898438,37.800068,106.34207
206.83226203918457,25.77825927734375,38.74545,106.06958
205.92790603637695,27.23540496826172,39.86254,103.94475
206.00189208984375,27.090919494628906,40.224,102.143295
204.30885696411133,27.293060302734375,41.367912,103.37277
205.20589065551758,27.923355102539062,40.552696,102.28995
205.41491508483887,27.744274139404297,39.410587,102.11799
204.7626781463623,28.129104614257812,38.665318,101.72876
204.55075073242188,28.439464569091797,38.199127,100.42603
205.30291938781738,28.620346069335938,37.60333,99.51224
205.01861190795898,28.662914276123047,37.047615,99.91151
204.7309684753418,28.667865753173828,37.48072,98.277275
205.29595184326172,28.596546173095703,38.284683,100.20199
205.50296020507812,28.048187255859375,38.496216,100.31552
205.8712043762207,27.61444091796875,38.45507,99.8515
205.73368072509766,28.080535888671875,38.46013,99.67615
205.47339820861816,28.662250518798828,38.45875,99.14764
205.78478240966797,28.946800231933594,38.876846,97.402115
206.09297561645508,29.869060516357422,38.470634,96.96638
206.05985832214355,29.655479431152344,37.683445,97.480576
206.05548858642578,30.288806915283203,38.048416,95.72738
206.39465522766113,29.777462005615234,37.13476,94.80094
206.6754322052002,29.720874786376953,37.560146,95.55196
206.63582801818848,30.090251922607422,37.598858,94.6247
206.5137424468994,29.74805450439453,36.752636,96.42595
205.85794830322266,30.404613494873047,35.88719,95.874825
206.1397247314453,30.878902435302734,35.551697,93.79566
205.90974617004395,31.364444732666016,35.973568,94.17477
205.14629364013672,32.247440338134766,36.080673,92.97387
204.91236877441406,31.134979248046875,37.08194,92.71306
205.3166847229004,31.830333709716797,37.5552,93.546745
204.7795467376709,31.344619750976562,36.486744,91.59242
204.98644256591797,31.549686431884766,37.347275,93.24137
205.02266120910645,31.060070037841797,36.18243,92.17657
204.4095687866211,31.470733642578125,34.246735,91.341385
204.3470287322998,30.79784393310547,35.635456,92.81287
204.03863525390625,31.33242416381836,34.34372,90.786125
204.6086883544922,30.74054718017578,35.51602,91.84097
204.7994441986084,31.39385986328125,35.327686,91.0397
205.60072708129883,31.672340393066406,35.045265,92.243515
206.21608543395996,31.78032684326172,34.30341,90.65932
207.18174171447754,32.276554107666016,34.285763,91.50303
207.0133762359619,31.929645538330078,33.3896,90.9181
207.26398086547852,33.87775802612305,33.777,90.34017
207.71308517456055,33.387638092041016,33.85476,89.69668
207.99588203430176,33.1245231628418,34.033855,90.0897
208.32705307006836,33.25326156616211,33.114372,89.956276
208.45483016967773,32.68846893310547,33.316536,90.06972
208.35091400146484,32.730499267578125,33.789932,89.866394
208.52393913269043,32.658226013183594,33.793705,89.31619
209.34975814819336,32.30750274658203,33.298668,88.61839
208.9180088043213,31.242855072021484,32.87251,88.92519
208.676908493042,32.52932357788086,33.28835,90.01064
208.70786666870117,31.1953125,33.165413,90.193985
207.97552299499512,32.578216552734375,32.817677,88.11192
208.36588668823242,32.79657745361328,32.075386,87.293106
207.73490524291992,33.79278564453125,32.22335,86.56287
207.4947624206543,34.42722702026367,31.80703,85.74792
207.67309379577637,35.14530944824219,31.188984,84.49101
207.44351387023926,35.477760314941406,31.121655,84.51552
207.0396614074707,35.17185974121094,30.756432,84.90633
207.04386234283447,34.50233840942383,31.816893,85.278145
207.06142807006836,34.40733337402344,31.283638,84.74992
206.64245414733887,33.99802017211914,31.350697,84.80639
207.16478443145752,33.90874481201172,31.543447,86.068344
207.31951904296875,34.002986907958984,31.538452,86.3287
207.08333683013916,34.750587463378906,31.329039,84.346436
207.44663619995117,36.338050842285156,30.717262,83.2254
207.1688289642334,36.94850158691406,30.33292,81.4948
207.2857437133789,37.34856033325195,31.405731,81.054756
207.50180339813232,38.849273681640625,30.813028,80.49248
207.54823112487793,38.7454719543457,30.805332,79.099236
207.50122451782227,38.858238220214844,30.721962,79.51773
207.63399982452393,38.73992156982422,31.67063,78.57654
207.7646884918213,37.17997741699219,30.064907,78.84445
207.26801586151123,36.9640007019043,30.590418,79.136284
207.12919235229492,36.33195495605469,29.397636,79.051346
207.5160140991211,37.07805252075195,29.991562,79.59014
207.2141819000244,37.74262237548828,28.501461,80.12428
206.99626636505127,38.018646240234375,27.781164,80.14534
206.60259437561035,38.8431510925293,27.704159,78.4186
206.78205680847168,39.54560852050781,27.938618,78.14113
206.15407371520996,40.122222900390625,27.25565,77.0083
206.12336826324463,40.90619659423828,27.7814,77.40669
205.77273654937744,41.29950714111328,27.439528,76.168945
205.55648612976074,41.68128967285156,26.954548,75.73753
204.84311866760254,41.96437454223633,27.143505,75.31919
204.84424877166748,41.78163146972656,26.652979,75.09172
204.71767139434814,41.838130950927734,26.795004,74.934044
204.43561267852783,41.50642395019531,26.892187,75.12517
203.95168781280518,41.19249725341797,27.233664,75.677155
203.26986980438232,41.37095642089844,27.545206,75.89223
203.17254257202148,40.92466354370117,27.92173,75.94724
203.8469877243042,40.74509811401367,28.880869,75.40807
203.83446407318115,41.26856994628906,28.43918,75.0919
203.67223739624023,42.23724365234375,28.551872,74.5372
203.79487133026123,42.33719253540039,28.404062,72.88482
204.43970394134521,42.92955017089844,28.452852,72.964554
204.44665718078613,43.202308654785156,28.039959,72.21156
204.2903232574463,43.345947265625,27.858654,71.18123
204.64963054656982,43.27444839477539,27.987085,71.15185
204.52774238586426,43.18028259277344,27.97787,72.08206
203.8737735748291,42.79692840576172,27.870388,72.768036
203.93496894836426,42.30104446411133,27.247784,73.48467
203.5621280670166,41.96746063232422,26.80177,74.246826
203.46082401275635,42.36984634399414,26.476316,73.987144
203.3686752319336,42.466896057128906,26.993805,73.3548
203.3504695892334,42.61799240112305,26.87717,72.9914
202.94736099243164,43.90323257446289,26.33947,72.39268
203.08476448059082,44.474056243896484,26.89854,71.613976
203.072772026062,44.60943603515625,26.748545,71.21004
203.46445655822754,45.07776641845703,26.110073,70.765564
202.84929847717285,45.25236892700195,25.746822,70.61123
203.06843376159668,45.58522033691406,26.08965,68.93579
202.96326637268066,45.1190299987793,25.665203,69.785286
202.96040534973145,44.6521110534668,26.240719,69.5158
202.91000366210938,44.47093963623047,26.814987,71.27753
203.300066947937,44.59671401977539,27.349344,70.90977
203.92875289916992,44.06669998168945,27.215477,70.67243
203.49724292755127,44.359859466552734,26.50112,70.84486
203.63571071624756,45.0651741027832,27.203966,70.132515
203.87793731689453,45.38911056518555,26.658112,68.45165
203.9794635772705,46.2437858581543,26.38786,68.65745
204.54094409942627,45.95968246459961,26.39359,67.956535
204.8703260421753,47.22361373901367,26.44668,67.72881
204.5255250930786,47.08477783203125,25.848333,66.05412
205.57804012298584,47.060882568359375,25.838472,65.7142
205.82130813598633,46.750877380371094,26.214256,65.58951
205.48727989196777,45.83528137207031,26.903522,67.39053
206.21103763580322,46.05099105834961,26.744093,67.61756
206.16175842285156,46.12676239013672,26.260284,68.41615
205.8932123184204,46.58102035522461,26.644117,67.3036
205.80240154266357,46.66408920288086,26.506876,66.95878
205.05960083007812,46.120914459228516,26.303116,67.43481
205.05361461639404,47.198490142822266,26.79577,66.12083
205.1709108352661,47.95838165283203,26.436972,65.96335
204.9558229446411,48.40525436401367,25.83106,65.60201
205.16539478302002,48.34119415283203,25.173834,64.35095
205.17040634155273,48.37681198120117,25.104668,64.15012
205.1702527999878,48.161014556884766,24.951426,63.53698
205.57167530059814,48.372623443603516,24.65151,64.432655
205.6900863647461,48.26896667480469,24.982986,63.61212
205.86520671844482,48.10857391357422,24.993952,64.53523
205.774808883667,48.118648529052734,24.690647,64.77604
205.82705688476562,48.09444046020508,24.785889,64.307655
206.19092750549316,48.31583595275879,24.616024,63.138287
207.60791015625,49.38012886047363,24.143112,63.06277
207.38238525390625,50.24277305603027,24.674545,62.726856
207.8244171142578,49.74430847167969,24.695099,61.679565
208.0919418334961,50.12214279174805,24.491867,61.796608
208.88035106658936,49.33407211303711,25.037851,62.176277
209.34033584594727,49.055419921875,25.038933,62.018097
210.1249132156372,48.2401065826416,25.356222,61.859127
210.7914457321167,46.88158988952637,26.535929,63.854145
210.58988761901855,48.44852256774902,23.110264,62.560123
210.89031314849854,47.41918754577637,25.794447,63.874165
210.64044189453125,43.84705352783203,24.429596,68.946625
210.47238636016846,33.877288818359375,28.208548,76.10756
209.72066974639893,33.84125900268555,30.798773,75.46607
209.06824684143066,31.185409545898438,32.81004,78.92258
209.5952606201172,27.449840545654297,35.17369,81.24316
208.286376953125,25.45404052734375,33.326523,83.68016
207.00779914855957,27.70453643798828,34.690792,82.657974
208.0039348602295,24.763206481933594,33.15134,85.579025
207.18208122253418,25.44683074951172,32.738132,84.26822
207.3777961730957,27.000778198242188,33.519707,81.682175
207.9186725616455,27.719379425048828,32.386044,81.32679
208.05878162384033,27.515644073486328,31.794271,81.86045
208.56136989593506,27.383014678955078,31.61194,81.70217
208.01689338684082,26.70800018310547,31.126553,83.07033
206.91899299621582,27.400405883789062,33.0706,82.39827
207.66460800170898,26.843730926513672,33.669228,82.709984
207.68873023986816,25.301158905029297,33.823284,83.200645
208.4143409729004,27.30736541748047,33.346077,81.2505
208.67862701416016,25.541221618652344,33.056442,83.358826
208.99489212036133,25.039989471435547,33.497627,83.86393
210.4559383392334,27.22287368774414,32.919773,82.84937
210.28113555908203,25.01217269897461,30.976578,83.70518
210.9877758026123,29.69882583618164,32.09615,79.29682
210.8189935684204,28.654747009277344,30.258223,80.04387
212.20049858093262,29.548728942871094,30.110783,79.966446
212.38315868377686,28.453815460205078,30.935251,80.16567
212.3633155822754,27.450103759765625,33.098793,81.12593
212.4035472869873,27.052536010742188,33.412678,81.24005
212.13263702392578,25.751567840576172,34.098312,81.600945
211.55587577819824,25.750259399414062,34.359013,81.72279
211.5450210571289,26.600528717041016,33.560745,80.99598
212.15708923339844,26.863719940185547,32.852554,81.941154
211.7043170928955,25.18048095703125,33.59405,83.60431
212.59986114501953,26.81287384033203,34.210495,80.97536
213.4855785369873,27.18197250366211,32.537464,80.195274
213.83841228485107,29.025672912597656,30.757944,79.37625
215.54443073272705,27.398761749267578,30.66776,80.74894
215.65417289733887,30.076274871826172,28.917667,77.329
215.6641969680786,30.052799224853516,29.338064,78.25915
216.05596733093262,28.575271606445312,29.774174,79.06854
216.82853889465332,30.04397201538086,30.058285,77.10909
219.19772720336914,27.675968170166016,32.434593,77.72462
221.22758674621582,22.919265747070312,37.472775,81.6635
218.79770278930664,24.161663055419922,41.962364,80.59875
213.95430374145508,24.160503387451172,40.73664,82.52929
217.87564849853516,23.780467987060547,42.320312,81.92956
214.05549430847168,21.574859619140625,42.625523,83.444016
216.95514106750488,20.346588134765625,39.685146,86.74783
217.7842788696289,22.243694305419922,39.593857,85.539986
216.3577423095703,20.13180160522461,39.108765,86.92477
216.7950439453125,25.362438201904297,40.136124,81.716484
217.56328964233398,22.68429183959961,38.96749,82.52648
217.0321445465088,23.851669311523438,39.315365,83.92108
219.14566802978516,24.098552703857422,38.725204,81.73354
214.82180976867676,24.289024353027344,41.387768,83.89227
218.82526016235352,21.174762725830078,39.853737,81.04917
215.7428855895996,25.121116638183594,42.151924,81.48265
216.27634620666504,20.212196350097656,40.54359,84.95528
210.87919235229492,25.46435546875,40.240044,82.23776
220.66200256347656,20.485267639160156,42.413254,83.74266
217.35635566711426,15.202201843261719,44.288784,87.20642
210.83141136169434,19.466014862060547,45.8969,88.16619
211.16709518432617,22.843128204345703,43.624855,84.36729
222.29231071472168,25.3671875,41.145664,82.19289
217.17848777770996,18.98798370361328,42.22568,87.427536
214.606840133667,21.5035400390625,43.53403,87.0997
214.15098571777344,21.73696517944336,41.49646,86.93638
221.79944229125977,24.809043884277344,41.137596,82.95772
213.40780067443848,19.480758666992188,42.599697,87.14789
209.26502418518066,22.598281860351562,41.457317,86.536224
216.33341026306152,20.621807098388672,41.3857,88.181465
213.3362159729004,24.705947875976562,43.573387,83.28262
213.47250175476074,22.886775970458984,40.24561,85.859825
216.67650413513184,21.097312927246094,39.95299,87.72696
213.32073593139648,23.388015747070312,42.697,84.65422
218.86044120788574,21.841957092285156,39.134617,86.2796
214.7258472442627,21.306808471679688,42.152996,86.27971
216.18927001953125,26.046401977539062,37.43187,82.01225
214.6384162902832,20.960025787353516,37.30262,86.031395
215.0805377960205,24.168113708496094,40.10368,84.69762
217.20169830322266,24.39227294921875,38.51767,81.21379
219.09607696533203,24.052536010742188,38.4507,81.68564
213.0473518371582,24.088695526123047,41.915398,84.17231
213.92795181274414,21.400623321533203,40.46804,82.44787
213.88437271118164,21.918773651123047,39.992226,84.9063
213.84066200256348,21.874771118164062,40.958767,85.59964
215.5982265472412,22.384132385253906,44.027744,79.068115
215.8373203277588,29.863147735595703,39.400066,78.60035
217.0901393890381,23.1641845703125,38.190754,83.65234
217.60678482055664,27.79183578491211,36.759285,80.50921
216.84451866149902,22.750179290771484,36.26592,84.73113
216.45179557800293,24.678268432617188,38.10042,80.773926
216.91722869873047,23.182823181152344,38.272247,82.425064
215.6141757965088,24.446208953857422,38.063442,82.33112
216.60802459716797,22.969154357910156,39.188858,83.47188
217.04448127746582,24.036815643310547,37.769314,81.949425
219.7116641998291,16.624317169189453,37.71188,89.047844
216.06739616394043,20.74090576171875,43.697544,86.40054
218.0045166015625,21.11746597290039,41.034393,85.31106
218.17277717590332,23.067550659179688,41.420467,84.39726
218.20511627197266,23.312328338623047,41.330124,80.672386
216.84142684936523,23.315406799316406,39.947304,83.38817
217.49254989624023,26.062095642089844,37.574394,79.49745
217.44506454467773,25.842174530029297,34.775993,82.54754
218.53162574768066,25.52808380126953,34.462734,82.113525
218.35150909423828,22.322288513183594,36.193787,85.598816
218.4897117614746,26.205860137939453,37.123726,81.29641
217.19707679748535,23.74066925048828,37.167187,83.96414
217.7214641571045,24.130374908447266,36.569202,83.44111
217.12519073486328,23.162494659423828,35.94507,84.55225
216.65189743041992,25.16881561279297,36.03289,83.36035
216.3191909790039,24.487075805664062,36.245224,83.02359
216.56784629821777,23.329120635986328,35.108875,84.95426
216.37405967712402,22.232948303222656,35.60828,84.233505
217.3496608734131,24.844032287597656,33.454243,84.27144
216.32462310791016,25.173870086669922,34.93152,83.10552
216.13430976867676,26.075824737548828,34.045376,82.496254
216.17082405090332,27.879867553710938,32.79498,80.582794
216.82612895965576,28.160945892333984,31.907328,79.87444
216.83358573913574,30.032062530517578,30.821796,79.15862
217.1858253479004,24.66705322265625,32.522377,83.74988
215.3888702392578,24.217166900634766,33.41838,85.22837
214.3462677001953,23.115272521972656,34.34781,86.29828
214.93043899536133,22.21414566040039,34.5595,85.17106
215.53913116455078,19.25357437133789,34.40634,89.97253
214.57371139526367,26.822532653808594,37.50773,80.91841
214.4556121826172,24.813236236572266,34.989944,82.77828
216.85943222045898,23.250709533691406,33.231194,85.82863
216.75446319580078,22.687103271484375,33.594208,87.312195
214.9658145904541,21.65209197998047,34.19047,88.001114
215.8347053527832,17.346580505371094,34.688133,92.11174
214.9143829345703,21.944400787353516,34.21498,86.66747
216.49279403686523,17.98189926147461,34.40928,92.37031
214.98462104797363,20.15575408935547,34.74348,88.3683
215.82558250427246,21.57272720336914,37.084232,88.21517
214.45665740966797,20.489215850830078,35.027023,89.69488
215.2713737487793,21.091175079345703,37.416924,87.095695
215.49834632873535,23.194374084472656,34.839993,85.222534
215.35442543029785,17.56711196899414,33.466946,91.769875
214.22646713256836,22.50872039794922,35.31492,85.88222
216.12505340576172,16.60265350341797,35.01587,93.02132
213.5402069091797,21.592376708984375,34.625046,87.45068
214.62836074829102,20.787696838378906,35.540504,88.84572
213.56526947021484,23.360748291015625,36.168854,84.79762
215.11118698120117,17.91631317138672,34.23295,90.282776
213.70104789733887,23.684600830078125,35.224537,83.97284
216.2154655456543,18.42475128173828,33.313026,91.47519
215.65060806274414,23.418582916259766,37.172783,84.2373
215.26969718933105,19.783946990966797,33.264545,89.85192
216.32827758789062,17.646011352539062,35.366318,91.158676
215.01745986938477,20.320537567138672,33.320152,87.63322
217.53621292114258,20.298721313476562,35.317818,88.10704
215.6217861175537,20.904945373535156,34.58489,86.768265
217.85640335083008,20.248821258544922,33.505104,87.46177
215.7691593170166,18.58348846435547,34.101574,89.619095
215.76448822021484,22.60073471069336,37.328384,85.89483
214.93549919128418,19.612281799316406,35.016926,88.81232
216.40354919433594,21.029556274414062,37.505386,88.44853
215.39019393920898,20.65054702758789,35.63755,89.05192
215.7180404663086,19.993209838867188,36.46591,87.54416
215.74112510681152,18.862430572509766,34.06563,89.74018
216.6414451599121,21.617347717285156,34.756187,86.221985
216.80159759521484,18.276199340820312,33.200043,89.85924
217.25868034362793,23.562843322753906,33.509968,85.539215
216.38434982299805,18.89400863647461,33.459923,89.85502
215.92529296875,21.929824829101562,34.14662,86.661865
217.2364902496338,17.37630844116211,33.26704,90.85946
215.48353385925293,20.931400299072266,34.139362,87.344765
