147.0,65.0,55,72
147.88871955871582,63.89132308959961,61.89773,72.82792
152.83469009399414,63.12855911254883,64.29708,76.10177
158.05963897705078,63.16312789916992,65.97417,74.92423
165.77720642089844,63.04389190673828,65.519714,77.22868
176.5318832397461,65.04285430908203,65.27821,78.80348
182.177734375,67.3818244934082,65.32678,77.56524
188.526123046875,70.6259765625,65.35684,76.75772
191.20309448242188,73.51473236083984,64.690155,77.1711
191.15191268920898,74.51314926147461,65.09391,77.689
190.68515396118164,75.11710739135742,65.02303,76.62882
188.02318954467773,74.8788070678711,63.463753,75.33739
182.77129936218262,74.05736541748047,63.90308,76.594925
178.31176567077637,73.17348861694336,63.138126,75.81852
174.33040046691895,71.33627700805664,63.052456,73.417015
168.62397003173828,70.37714004516602,61.93132,71.85903
166.3235263824463,67.47186660766602,60.205975,72.54894
162.53561210632324,64.7328872680664,61.534184,73.8936
159.84202194213867,60.58661651611328,63.39817,73.99834
157.78196716308594,57.105918884277344,64.38837,74.82243
158.0221881866455,53.77390670776367,63.062313,75.65879
156.61753845214844,51.11731719970703,63.83194,76.18257
154.8415412902832,47.706871032714844,65.678795,77.99986
154.52314376831055,45.39300537109375,64.76377,78.33844
153.3101043701172,41.2917366027832,64.98361,76.83474
152.13015174865723,37.99343490600586,62.4882,74.94108
150.1250343322754,35.05149459838867,64.35403,73.10758
149.81232261657715,31.289573669433594,62.05553,72.99019
148.9063377380371,28.64954376220703,60.569588,72.86687
149.00397109985352,26.65374755859375,59.31521,71.65906
147.97586631774902,23.8587646484375,60.26064,72.57422
147.08945846557617,21.58590316772461,60.153847,72.63554
147.11010360717773,20.97470474243164,59.32142,72.02239
146.8049488067627,20.52588653564453,58.797695,70.48546
146.98662567138672,20.192405700683594,58.699722,71.6566
146.80926132202148,21.043663024902344,58.869026,71.99901
146.74361419677734,21.576202392578125,58.811447,71.87665
147.2673168182373,23.130741119384766,59.11655,72.32906
148.1138515472412,25.002296447753906,59.290638,71.59065
149.42146492004395,26.226116180419922,60.108486,72.08985
150.79143905639648,28.121749877929688,59.679665,72.64331
151.38282775878906,30.401729583740234,60.31378,73.28199
153.55348777770996,30.99042510986328,61.65514,73.696
157.5677375793457,32.04039001464844,62.670982,73.53937
161.1389923095703,31.96630096435547,62.72708,76.9474
168.81454849243164,32.30413818359375,62.78689,77.553925
177.40559196472168,31.95534896850586,62.269077,76.379616
184.9029998779297,30.803192138671875,62.000244,73.59509
194.01020050048828,28.217227935791016,64.15019,78.53176
198.67845916748047,27.138458251953125,65.234726,81.34967
203.11029052734375,26.88770294189453,67.77142,79.22511
207.4735336303711,26.20071792602539,66.54857,78.93676
208.75770950317383,26.853538513183594,67.3637,78.34859
208.37713241577148,27.925037384033203,68.10331,78.10076
207.0635871887207,29.116107940673828,68.70333,78.4833
205.76133728027344,30.14850616455078,67.51938,78.24162
205.29241561889648,30.678390502929688,65.92542,78.86694
205.3227653503418,31.38561248779297,65.1074,78.02678
204.91035842895508,32.29281234741211,65.343925,77.75739
205.87439346313477,31.97616195678711,65.1542,78.24497
207.5042266845703,33.078914642333984,66.559814,77.34904
208.9223289489746,33.328407287597656,66.13764,77.2708
208.4616470336914,31.42325210571289,65.164566,77.66717
205.2452735900879,30.702911376953125,67.115166,77.71478
201.59507369995117,31.011852264404297,68.2981,79.4549
196.33589553833008,31.416099548339844,64.04531,80.252365
186.0327205657959,32.12516403198242,63.715748,72.47251
179.44466018676758,34.56380844116211,62.253563,74.93305
170.5106372833252,33.6584358215332,61.93841,76.638725
160.89432525634766,32.825439453125,64.06764,77.41495
150.99699783325195,31.76446533203125,66.62435,76.69391
145.3538932800293,32.26753234863281,64.79807,76.32199
137.48533248901367,33.700233459472656,66.10883,76.95598
130.55960083007812,34.604461669921875,65.03708,77.83334
124.84733581542969,37.373138427734375,64.79562,77.89996
122.46402740478516,39.546974182128906,63.8116,75.71529
120.74081993103027,42.65513229370117,62.614826,75.95948
119.4971694946289,44.342262268066406,61.29869,76.501236
118.24750709533691,46.512474060058594,61.40431,76.41731
118.77912330627441,48.08492660522461,62.10774,77.0413
119.2585563659668,48.87311935424805,62.152596,76.5359
121.96034049987793,49.04873275756836,62.74976,77.96467
126.63257789611816,49.40931701660156,61.95576,78.4404
131.32720756530762,49.803558349609375,62.964146,79.06592
136.03486251831055,50.234622955322266,65.78068,80.401054
144.25253295898438,49.94898986816406,64.2287,81.41437
150.76137924194336,48.64957046508789,62.9896,81.139946
155.6148910522461,46.81863021850586,64.36726,79.294624
159.44989776611328,44.888671875,64.474106,76.17032
163.07867622375488,42.01005935668945,62.43237,76.42974
164.88274955749512,38.133705139160156,61.453434,76.633316
166.4767303466797,36.48622512817383,60.592102,73.8836
168.23788261413574,33.38230895996094,60.570194,74.82031
168.3678092956543,30.51552963256836,61.60029,75.59916
168.9512882232666,29.691577911376953,61.817944,75.28152
168.58002471923828,28.08498764038086,61.54515,74.61799
168.58918571472168,27.358592987060547,60.656315,72.08283
168.24738693237305,26.18191909790039,59.72718,70.83489
166.81513595581055,25.060176849365234,60.876076,69.92741
166.93134117126465,22.881759643554688,59.84847,69.39282
166.58647537231445,21.433624267578125,59.34661,70.179474
166.64924812316895,20.721664428710938,59.837154,70.078735
166.32209968566895,20.0789794921875,59.162228,70.941315
166.05988121032715,19.594375610351562,58.719013,70.1615
166.03792190551758,20.320110321044922,57.7622,69.97831
165.2723789215088,20.15887451171875,58.804134,70.26715
163.31371307373047,19.75383758544922,59.16626,71.78233
162.1277084350586,19.660171508789062,59.84616,71.88397
158.44299125671387,20.068222045898438,60.510426,72.76291
157.34551811218262,21.286556243896484,59.070454,72.99998
155.14964294433594,22.367279052734375,59.935562,72.58957
152.43567657470703,23.889812469482422,61.427094,72.90299
150.47023582458496,26.625873565673828,60.561222,74.00024
150.0122833251953,29.239582061767578,59.23253,73.84814
149.3551025390625,32.08796691894531,59.36174,72.66257
147.97271347045898,34.5460319519043,59.511192,72.79267
146.8953857421875,37.776119232177734,60.05916,72.281166
144.5951156616211,40.55458450317383,60.906403,72.66137
142.53442192077637,43.784950256347656,60.865467,73.501114
141.97043800354004,45.23997116088867,60.11398,74.5951
139.54326248168945,48.046424865722656,60.81208,75.61827
137.81712532043457,50.563018798828125,61.47331,75.322296
136.35024452209473,52.55586242675781,61.65829,75.84543
135.01210975646973,55.296058654785156,62.141415,76.55449
131.6810646057129,56.805782318115234,63.75318,76.08149
130.74802589416504,58.157196044921875,61.57333,74.99484
128.99730682373047,58.96438217163086,60.971924,73.91056
127.21271705627441,59.34165954589844,60.350063,74.230835
125.52090072631836,58.6947135925293,61.14483,74.04142
124.35988235473633,58.12588882446289,61.289406,73.6397
121.3049259185791,58.52670669555664,61.113827,73.705986
119.5884780883789,57.863983154296875,59.620148,72.57953
114.38459205627441,57.11771774291992,61.494564,71.99253
111.21962547302246,56.50262451171875,60.482426,72.63931
110.95151710510254,55.566688537597656,59.05615,71.99187
110.0002212524414,54.899322509765625,58.600403,70.81961
110.0248031616211,54.3322639465332,57.623688,70.441765
109.61229705810547,52.92498779296875,57.675842,69.067276
109.15268898010254,51.04755783081055,57.271954,69.7187
107.4832534790039,50.219573974609375,58.038666,69.921906
105.61545181274414,47.610103607177734,57.951424,69.73951
101.14446258544922,45.98911666870117,60.544632,69.83456
99.79004287719727,43.81772994995117,58.77294,70.89324
97.1517505645752,41.71686553955078,59.060024,71.6181
91.19870185852051,39.51123046875,61.584393,71.376236
87.06113243103027,38.03300476074219,61.04636,69.77666
82.35147285461426,37.37297058105469,61.72833,69.04137
78.91667556762695,36.2077751159668,61.29592,69.50881
75.92110061645508,35.063148498535156,61.476738,70.4823
73.37875747680664,34.0574836730957,62.108574,70.66599
71.73747634887695,33.906105041503906,61.950127,70.35394
69.84932327270508,33.73276901245117,62.51928,71.43966
69.21424865722656,33.815128326416016,61.50528,69.65156
68.74535751342773,34.34623718261719,60.833992,69.11238
68.32751274108887,37.0091667175293,62.708225,67.55605
68.81964492797852,36.50855827331543,59.90786,63.93517
70.98519134521484,41.57685852050781,56.481186,59.38759
75.2738037109375,41.71971893310547,53.35463,52.988815
75.64933395385742,44.313262939453125,53.18461,52.92592
79.06520462036133,43.87574005126953,47.207695,53.29323
83.86628913879395,40.69236755371094,41.85554,56.671783
88.39949226379395,46.958675384521484,39.25369,55.38537
90.0369701385498,30.70929527282715,35.92139,58.045506
88.90204811096191,36.89770698547363,36.89964,52.377728
92.10637092590332,34.960500717163086,36.53172,50.83701
95.94264221191406,35.2701416015625,36.63391,48.21251
108.68392181396484,61.26432418823242,36.699646,46.807823
99.18971824645996,48.216901779174805,34.171314,48.770435
83.78456687927246,54.02204132080078,33.88016,48.937286
60.06455993652344,68.58572006225586,35.269783,49.710457
59.83351135253906,94.15055656433105,35.682823,49.064472
47.32203674316406,88.4532356262207,37.25135,47.16752
48.391469955444336,110.24747276306152,36.867214,45.50803
56.40143585205078,96.40274047851562,35.38024,41.668823
47.03438758850098,102.84540557861328,32.254826,43.93376
46.52285575866699,123.70252990722656,35.032665,39.20758
52.257540702819824,122.68598747253418,31.300661,39.12856
43.259817123413086,116.27154541015625,26.964588,40.027496
53.17138671875,132.21214294433594,26.612656,31.556915
40.9212532043457,123.0616455078125,20.936806,33.91777
27.472637176513672,116.59516525268555,21.997047,30.124496
27.078664779663086,130.32895374298096,22.740826,29.60092
19.43013572692871,126.00552177429199,22.183071,30.710903
8.94386100769043,122.67157554626465,22.423435,31.867062
-1.5003328323364258,124.17538642883301,16.987345,39.221264
-7.349084377288818,130.02556800842285,14.698169,39.350567
-8.523643493652344,145.3220977783203,17.047287,33.020905
-7.616428852081299,149.8462963104248,15.232858,30.990833
-6.157191753387451,148.22598838806152,13.073333,29.33472
-6.528009414672852,156.70641326904297,13.056019,24.455307
-5.443160057067871,156.70819187164307,11.472502,23.84323
-5.4962592124938965,157.56916046142578,10.992518,22.199768
-4.584861755371094,155.06459426879883,10,21.851429
-4.110467433929443,155.03423690795898,10.455546,20.265793
-4.736452102661133,153.35480499267578,10.631329,19.806255
-4.141878128051758,152.9353895187378,10.97176,20.173407
-3.853367328643799,150.37581062316895,11.559876,21.26231
-3.1525769233703613,147.3657989501953,12.308442,22.523174
-4.105975151062012,145.24048805236816,14.17378,23.987198
-4.015505790710449,141.2998571395874,15.196966,26.745947
-4.329815864562988,141.36352634429932,16.319193,27.998987
-6.183602333068848,139.48748397827148,17.585123,29.309254
-5.83553409576416,134.38371086120605,18.676996,32.44371
-6.1960039138793945,133.82098770141602,19.657938,34.722652
-9.157879829406738,132.16814041137695,21.229921,36.597805
-8.609467506408691,124.91936492919922,22.913492,40.290836
-10.387187957763672,128.0083885192871,24.48468,42.056698
-10.20711612701416,119.11549186706543,26.51153,45.11673
-12.419047355651855,125.08130836486816,28.001371,46.76911
-11.743319511413574,117.89077377319336,28.623075,48.317173
-11.848066329956055,115.17775917053223,29.250568,51.873833
-12.946882247924805,108.25741767883301,32.69077,54.603493
-13.311929702758789,104.63847732543945,32.970043,57.927967
-7.662004470825195,81.93165397644043,32.163555,59.335342
53.701154708862305,56.541006088256836,39.59068,60.824142
88.92224502563477,6.971988677978516,37.480774,57.497593
145.06737518310547,16.81394386291504,54.20272,68.37229
139.82862663269043,15.284543991088867,57.645443,73.566574
137.05381202697754,15.435583114624023,56.800938,75.68625
133.84136199951172,15.731180191040039,58.367348,73.21343
128.77892303466797,16.01286506652832,60.437965,74.51246
129.13067817687988,16.573122024536133,58.859333,74.51728
127.40723609924316,17.66253089904785,59.300755,73.504845
127.1856861114502,18.99400520324707,59.67748,76.512245
127.92400360107422,21.471643447875977,59.612587,74.81594
129.07354927062988,24.283105850219727,58.63933,74.67535
130.88006782531738,27.59809684753418,59.3669,74.806015
131.9619541168213,32.01006889343262,59.05176,74.65404
133.24984169006348,36.25842094421387,59.39066,72.4698
135.06151008605957,40.1074275970459,61.693653,71.63571
138.0658721923828,43.00507926940918,63.205467,71.883316
141.59881210327148,45.62032127380371,64.10751,75.79819
144.38344955444336,48.6881160736084,62.838715,77.94083
145.60099601745605,50.924970626831055,63.776546,79.76643
146.98749160766602,52.88263130187988,62.736984,78.472755
147.36605262756348,55.44133949279785,62.09467,77.51473
146.71032905578613,57.333391189575195,61.339893,76.75794
146.53649139404297,59.74530601501465,60.824593,75.88049
146.43023872375488,61.97210121154785,60.312794,74.96029
145.27014350891113,63.59808540344238,60.108265,73.98167
145.76133918762207,62.820478439331055,60.29366,74.491104
145.15514945983887,63.490583419799805,60.175594,73.4247
143.26184463500977,64.18802070617676,60.071793,72.69532
142.29317092895508,64.61181449890137,59.32054,72.21117
141.01421546936035,64.09893989562988,59.212315,71.65397
139.82284355163574,64.7076358795166,59.862057,72.76003
138.0105743408203,63.5218448638916,60.671318,72.251945
136.06631088256836,63.87590980529785,61.17807,73.5743
136.31135177612305,62.6986026763916,60.256866,74.64788
136.88599395751953,61.72788429260254,60.454933,74.74026
138.61542892456055,62.22241020202637,60.898773,74.54738
140.91721153259277,62.0887508392334,60.968426,74.63263
143.21496963500977,60.25997352600098,61.108627,76.250694
145.84055519104004,59.59750175476074,62.68073,77.732864
150.71051406860352,57.90861701965332,65.285995,79.817085
153.44699478149414,55.17389488220215,66.997116,80.47113
156.61039352416992,53.554365158081055,65.581726,79.74776
158.19866561889648,52.26217079162598,67.5253,79.938286
158.79700469970703,49.83725166320801,67.35868,78.711586
161.23971939086914,47.694753646850586,70.42375,79.63843
167.55237197875977,43.82336616516113,68.18819,80.6504
171.07971954345703,42.69924354553223,64.45359,79.3005
173.29326248168945,40.744497299194336,64.245255,80.2952
176.95867919921875,37.3972225189209,65.84673,82.86325
181.34144592285156,34.184152603149414,64.36703,87.345665
182.9777717590332,29.483835220336914,64.90834,88.17486
185.35702896118164,25.50703239440918,64.82335,83.52696
188.4117202758789,21.23650550842285,69.08619,81.05831
195.2549705505371,17.09550666809082,64.16177,78.351875
199.66929244995117,15.103654861450195,63.2854,76.846016
199.71195220947266,12.175588607788086,65.83903,76.758484
202.3105010986328,8.04191780090332,65.80053,77.81519
201.82961463928223,4.68345832824707,59.544773,75.79182
198.36822128295898,0.20935630798339844,60.100494,74.57321
173.45003128051758,22.35529136657715,59.71042,65.24954
194.33524894714355,-3.505735397338867,59.569897,75.96877
188.19713973999023,-2.442739486694336,62.92485,76.73182
184.12049293518066,-1.1870708465576172,61.96877,74.15951
180.14669609069824,-1.7031574249267578,62.220318,72.506714
177.38078689575195,-1.5677852630615234,61.941284,70.36118
174.75413131713867,-2.4528446197509766,60.73204,71.04338
171.76000213623047,-2.2226123809814453,59.018394,70.800354
167.52002906799316,-1.9908809661865234,58.597477,72.15397
161.126953125,-1.7036724090576172,60.747215,72.612114
156.53482055664062,-1.1233959197998047,58.750954,73.01684
152.90084075927734,0.4008312225341797,59.475548,71.61337
149.782377243042,1.0117969512939453,59.622387,72.012474
148.54156875610352,0.8340396881103516,59.75244,72.27091
147.50861930847168,2.453927993774414,58.982494,71.644905
148.50916862487793,1.9804973602294922,59.353558,71.9379
149.40899848937988,2.2142162322998047,59.490116,72.45398
149.72074127197266,2.8867130279541016,60.709923,72.499245
152.6675205230713,4.107515335083008,59.01476,71.49587
155.19268798828125,4.876771926879883,59.85151,70.59667
158.47719383239746,4.549135208129883,61.017696,71.25436
166.06421089172363,4.30964469909668,60.89121,70.93564
171.0934009552002,3.343900680541992,60.68503,74.08566
175.01207733154297,3.155569076538086,73.663445,76.91017
186.91080856323242,2.1326427459716797,62.3687,78.25061
186.63586044311523,3.9403629302978516,55.44777,75.24088
192.27579498291016,24.863895416259766,52.458824,57.779346
197.99627685546875,20.091751098632812,48.933693,55.71139
193.84737586975098,17.8158016204834,48.68955,56.55603
200.32903289794922,23.286540985107422,44.82775,53.914234
196.87917709350586,23.29015350341797,47.73076,53.07571
162.336576461792,73.18798637390137,53.331875,55.71544
164.76611518859863,76.73991966247559,51.91866,53.845657
158.96893692016602,73.81247520446777,56.080368,59.47946
189.61376571655273,33.366947174072266,58.56772,62.718388
192.8397922515869,11.64857292175293,59.376713,75.74498
196.08537483215332,11.768518447875977,61.0573,73.48925
199.37432289123535,13.737646102905273,59.674473,73.486694
200.4811611175537,14.459527969360352,60.89787,75.53283
202.23140335083008,15.557336807250977,61.292007,73.309746
204.8354721069336,14.922342300415039,61.206215,73.26791
206.61399269104004,14.663103103637695,59.689487,72.538185
204.98643684387207,14.69865608215332,61.94823,72.5951
202.36529541015625,15.278009414672852,64.272484,74.11959
198.52441024780273,16.21722984313965,63.74048,72.79193
195.82418632507324,17.100175857543945,63.03854,72.931496
194.67172813415527,18.55436134338379,60.517162,72.37322
193.8564167022705,20.377012252807617,59.988758,71.100296
189.27162170410156,20.556753158569336,60.461845,71.53113
185.05795288085938,24.417062759399414,57.204094,76.008415
158.7115936279297,34.735849380493164,67.307014,73.013084
167.48931121826172,31.944734573364258,60.167595,65.61237
150.4257354736328,34.36178016662598,66.885704,64.94576
152.82374954223633,21.89967155456543,66.64641,72.42706
145.07280349731445,20.388120651245117,67.47084,72.451324
137.21290588378906,19.030942916870117,62.072258,72.131805
129.5635871887207,17.08219337463379,65.267715,71.31101
122.97443389892578,15.154047012329102,64.50611,71.13145
119.48915672302246,13.403841018676758,63.481304,70.77126
117.69358253479004,11.947324752807617,63.503147,70.79642
118.56063270568848,12.84480094909668,63.077854,69.52542
121.72101593017578,13.681879043579102,65.03947,69.1601
129.7270851135254,12.845735549926758,65.15672,69.731224
138.8432502746582,10.923223495483398,65.42851,69.63988
148.60000610351562,9.282072067260742,62.126488,70.10553
155.7681770324707,8.471193313598633,65.98366,72.27618
164.48965454101562,6.575693130493164,64.395195,73.062965
173.86203002929688,8.256013870239258,67.118675,71.32317
186.35602951049805,10.087892532348633,68.765686,75.3756
198.1437530517578,10.683744430541992,65.96273,78.648926
204.04392051696777,13.90064811706543,63.770947,77.230316
206.1528549194336,18.8732967376709,64.08607,74.732925
208.28752517700195,22.911466598510742,64.89925,76.42969
209.6692409515381,28.4531192779541,63.88603,74.9018
209.60358428955078,34.68638801574707,63.835396,75.364555
208.3067512512207,39.038164138793945,64.87016,77.73684
209.50102996826172,42.39508628845215,64.482735,77.49187
208.0073127746582,44.842973709106445,64.06514,76.42715
206.5568561553955,47.77730751037598,63.199665,73.401955
204.80363082885742,49.43148994445801,63.569794,72.73751
203.56364059448242,50.113698959350586,62.75592,73.007675
202.66950225830078,51.18400001525879,63.520393,72.90107
199.77098655700684,51.370893478393555,63.059155,73.13275
196.1531276702881,52.426767349243164,63.201244,72.523445
191.87663078308105,53.297555923461914,62.694973,72.623695
189.2016086578369,52.4127140045166,62.076115,72.797005
185.5285758972168,50.82891273498535,62.243164,74.15562
184.4848690032959,46.91055870056152,58.50825,74.37874
183.7837257385254,42.42854881286621,57.458023,73.03058
181.91050910949707,38.45223426818848,57.551014,72.239204
182.2091007232666,34.31912040710449,56.675602,72.53154
181.6690273284912,29.9218807220459,57.749126,72.30376
181.84924507141113,27.08442497253418,58.75075,71.351395
183.2176914215088,23.642621994018555,58.321842,71.9391
183.91559219360352,20.81837272644043,58.851974,70.70122
184.03951263427734,19.11967658996582,58.20365,69.33634
184.63471603393555,18.727815628051758,57.3851,68.90702
185.60967254638672,16.90395164489746,58.417046,68.90279
183.45550155639648,15.172330856323242,60.372665,68.9292
183.3993263244629,12.637998580932617,59.984802,69.24606
183.14619827270508,10.83296012878418,60.220642,70.55502
181.8614616394043,8.380395889282227,60.789383,70.34867
181.7097988128662,5.707265853881836,59.697964,70.50975
180.26097297668457,4.332468032836914,59.102573,70.99464
178.7435302734375,2.618478775024414,58.94114,71.2591
177.52921295166016,1.803762435913086,58.516838,72.648544
174.99278259277344,2.035097122192383,57.196724,71.27517
170.9964427947998,2.0272960662841797,57.260555,70.08009
168.6770133972168,2.4624881744384766,57.710907,71.95052
167.1356658935547,3.140829086303711,56.980736,69.488525
162.0212459564209,4.17640495300293,58.517803,69.29668
158.2704200744629,3.8276004791259766,58.76352,69.670784
153.9263095855713,3.486349105834961,58.048832,69.275665
151.54589653015137,4.502748489379883,57.171368,69.88261
148.1835060119629,6.287313461303711,57.270935,68.15207
143.20924377441406,7.199438095092773,57.253,66.4814
138.6531219482422,6.029172897338867,58.335243,68.06952
132.54552268981934,7.141241073608398,59.70068,68.79271
131.70099258422852,6.99171257019043,56.19908,68.54056
129.04519271850586,8.220968246459961,56.729294,68.107895
126.21735763549805,8.415822982788086,57.9254,68.90987
122.50457191467285,8.934675216674805,59.831882,69.66832
121.29760551452637,8.126749038696289,59.450344,69.605156
116.01200675964355,9.303987503051758,61.9118,68.05064
114.14407730102539,8.896871566772461,59.362305,68.56525
111.68606376647949,10.135904312133789,58.45161,65.92925
107.51710510253906,11.012945175170898,58.797646,64.24736
104.70032501220703,11.47089958190918,60.053566,66.57602
103.26498031616211,12.734369277954102,60.181763,68.10731
102.37224006652832,13.202886581420898,60.01215,69.90233
99.57142448425293,14.603178024291992,61.43133,69.0473
97.43182945251465,17.370023727416992,62.07121,69.45615
93.69639205932617,18.366880416870117,62.4386,70.365906
91.94112396240234,19.66069984436035,61.710487,72.99894
88.72114181518555,19.94244956970215,62.73703,74.19734
85.95283317565918,20.542322158813477,62.58099,74.294075
84.8705883026123,21.203977584838867,62.115322,72.96826
84.50058174133301,21.634458541870117,61.05788,71.58594
83.80487251281738,22.192529678344727,61.10793,70.50504
83.75531578063965,23.043039321899414,61.154034,70.29798
83.66488838195801,23.712766647338867,60.568806,70.689606
82.14549446105957,24.333280563354492,61.14403,70.72015
80.91996574401855,25.524263381958008,61.936886,70.29006
79.35998916625977,26.520265579223633,62.17891,70.59948
77.68132591247559,28.8046932220459,63.62077,71.82103
76.81982040405273,29.680620193481445,63.70047,72.44018
74.94469451904297,31.77382469177246,63.094948,72.0786
74.18371963500977,33.16227149963379,64.132065,72.101326
72.39002990722656,35.6281681060791,64.17159,70.969185
70.31393051147461,36.558828353881836,64.03314,70.934616
67.17711448669434,36.52731132507324,63.129284,71.5903
65.12390518188477,37.131399154663086,64.72331,71.57289
63.559457778930664,37.17540168762207,63.75458,71.67419
63.06714630126953,37.473188400268555,64.0322,71.56305
64.88701820373535,38.23514366149902,61.200443,71.33507
67.62898254394531,40.30069160461426,60.475914,70.41091
69.46516799926758,40.98722267150879,60.232407,70.24204
67.64932060241699,42.22945976257324,61.635586,71.676636
65.76543045043945,43.61692237854004,63.357193,71.96348
64.33955955505371,44.051496505737305,62.534557,71.99722
61.33595848083496,44.135141372680664,62.11131,71.266884
58.41024589538574,44.02472496032715,60.5408,69.907455
52.963727951049805,43.32840919494629,62.513546,68.345406
53.4981803894043,40.216875076293945,57.749084,68.47169
52.73585510253906,35.66795539855957,57.90725,70.202934
52.08083915710449,29.949583053588867,57.654903,70.84657
50.9881477355957,28.16505241394043,57.97769,69.2457
50.99801826477051,25.468523025512695,59.252323,69.19811
52.900794982910156,23.0157527923584,56.874626,69.70424
53.70303916931152,20.277864456176758,55.5388,75.74932
51.43973731994629,19.117605209350586,60.57224,72.66191
48.4786262512207,16.38563346862793,61.557602,76.53262
52.907060623168945,12.47254753112793,60.14226,80.56357
47.50933074951172,7.752645492553711,59.50962,78.22011
48.07070541381836,6.271993637084961,57.913788,74.96547
45.2962532043457,4.96409797668457,58.47905,70.36089
42.51061820983887,5.52604866027832,59.448345,66.55514
40.642534255981445,3.890249252319336,59.533924,67.25186
41.83118438720703,2.261110305786133,56.55683,65.41485
44.24038887023926,-0.45223426818847656,55.330524,64.234634
41.48617744445801,-2.3137073516845703,61.57784,62.777252
41.43201446533203,-2.9093284606933594,64.53364,61.898075
42.163251876831055,-2.921489715576172,63.707745,60.28542
46.25016975402832,-2.586671829223633,61.527103,58.065277
49.68769454956055,-2.2389602661132812,58.103302,56.54916
56.004730224609375,-1.6521778106689453,54.392464,55.130127
62.184165954589844,-0.09556198120117188,49.3039,52.556187
70.04948043823242,-0.8753433227539062,44.537933,50.400417
61.16180992126465,-2.8096084594726562,45.68014,49.404507
55.15034294128418,-3.09173583984375,48.949123,47.46345
50.41395568847656,-2.7548255920410156,51.431038,46.07123
50.92506980895996,-3.1357860565185547,50.61819,48.742348
52.415279388427734,-2.7047252655029297,51.430496,48.35784
55.22712326049805,-4.967609405517578,53.793472,49.316364
59.65619468688965,-8.727239608764648,47.84872,53.107063
60.56632041931152,-2.8326969146728516,53.459545,52.428787
65.35943222045898,-2.8111534118652344,56.054153,55.947056
69.8016300201416,-1.4288444519042969,54.4332,56.310596
72.38162231445312,-0.35298919677734375,54.325066,56.670437
76.90608406066895,0.09286308288574219,54.05425,57.132812
78.84535598754883,-1.2894001007080078,55.41606,60.98198
79.7803955078125,-1.1152973175048828,55.001488,63.69786
81.01450538635254,-0.6664295196533203,55.00443,65.50668
81.26903343200684,-0.6406879425048828,55.026638,68.100494
82.19477272033691,0.5693798065185547,55.1451,70.5148
82.95727920532227,1.7297420501708984,55.683853,70.13353
83.36144828796387,2.6496105194091797,55.83375,70.65329
84.1483268737793,3.8325443267822266,55.97682,70.904396
84.39785766601562,4.217950820922852,56.298775,70.58819
85.52114295959473,5.594568252563477,56.562397,71.8753
85.87812614440918,7.464422225952148,57.11381,71.68271
88.3724250793457,9.986921310424805,56.322906,72.019394
90.87673759460449,12.156389236450195,56.32481,72.591866
92.90450286865234,13.928449630737305,57.72204,71.02602
95.88396644592285,15.430593490600586,58.034443,70.50629
97.69462776184082,16.788583755493164,58.67261,69.60296
99.11888885498047,17.54848289489746,58.303185,70.732025
100.22140693664551,19.265153884887695,58.5535,71.99464
102.27555465698242,20.509939193725586,57.902176,70.062256
102.30278205871582,22.284807205200195,58.470646,73.25141
103.75589942932129,24.825185775756836,58.350636,72.08185
104.00939750671387,26.410921096801758,58.23222,73.67881
104.89699745178223,28.4737606048584,58.85619,74.657684
106.66180801391602,30.371660232543945,59.35428,75.98252
108.50198364257812,33.640634536743164,58.751747,74.92455
110.33599281311035,35.490617752075195,58.49767,74.11939
112.05501556396484,38.21405220031738,58.918022,72.94102
113.15083694458008,40.26130485534668,59.699036,72.12712
113.91921997070312,41.85536003112793,60.024452,71.952896
115.8495101928711,43.95480537414551,59.65725,72.61759
116.98900032043457,45.37093544006348,59.6666,73.09942
119.9703197479248,46.81850242614746,59.435528,73.640594
122.15265846252441,47.71349906921387,58.5797,72.95448
124.22389602661133,49.54799842834473,58.78232,72.96975
125.52670097351074,50.64117240905762,59.742413,72.4156
127.17647552490234,52.21109580993652,60.564537,73.81958
129.02801132202148,54.0946102142334,61.830643,74.9111
131.1680564880371,55.64864158630371,63.002365,74.94159
133.0532112121582,56.97535514831543,63.449432,74.82036
136.00002098083496,59.139204025268555,62.501095,74.29976
141.77737617492676,60.37467002868652,60.498722,73.70798
144.84182167053223,61.97500038146973,61.72643,73.25561
146.7553482055664,62.960073471069336,63.576073,73.50958
149.58573150634766,63.48461723327637,65.06097,72.73186
152.48861694335938,64.4238224029541,66.656075,72.945244
155.21445846557617,65.06667900085449,66.37822,71.92018
157.35718536376953,65.54228019714355,65.78695,71.84837
159.81879806518555,65.81197166442871,63.209396,73.006226
161.85260200500488,67.05931663513184,63.10059,73.469604
161.8530502319336,67.94833946228027,62.715202,72.602356
162.8544864654541,68.64244651794434,62.898273,73.01007
162.750337600708,69.25686073303223,62.457096,71.80343
163.1120262145996,69.88962745666504,63.18846,72.49996
163.37490272521973,70.43234443664551,62.80968,71.249
162.7323112487793,70.61386680603027,63.966385,71.56906
163.52190399169922,70.66962242126465,62.862022,71.408325
163.33799934387207,71.25007820129395,63.204777,71.67704
163.84972763061523,71.40390586853027,62.90602,70.6756
163.65337753295898,71.71314430236816,62.92598,71.15218
163.510835647583,72.49009132385254,62.74222,70.66125
163.3828067779541,73.66010093688965,61.20281,69.81171
163.60201835632324,76.19218254089355,59.692547,68.44539
163.68810844421387,78.82509803771973,58.25575,65.632774
163.869966506958,79.92590522766113,56.82442,63.39924
164.35155487060547,79.76252937316895,56.56359,64.338615
164.20995712280273,79.62569618225098,57.41588,64.8204
164.20446014404297,77.6506175994873,57.99169,65.72934
164.0427417755127,77.10198783874512,59.529316,65.88315
164.4021110534668,75.9781551361084,60.115433,65.84776
164.7066135406494,75.04947090148926,60.836338,66.21743
165.60746574401855,73.35030174255371,60.50546,66.74187
166.04444122314453,72.18329811096191,60.923286,67.447914
166.32456970214844,71.56997871398926,61.1614,67.24641
166.68488121032715,71.35021781921387,61.770367,68.39732
166.79596328735352,70.02262687683105,60.832718,66.84929
166.64848709106445,70.46232795715332,62.189285,67.7544
167.14701652526855,70.17069435119629,61.344173,67.71456
166.7819366455078,70.32472801208496,61.129723,67.82538
166.80514526367188,70.5920352935791,61.4674,67.187004
167.1986541748047,70.87124443054199,61.68142,66.87001
166.89910507202148,71.0590648651123,62.26532,67.46837
167.18034553527832,71.32669258117676,62.1664,67.57795
167.54472541809082,70.86859321594238,61.926685,67.79191
167.62469291687012,70.79053688049316,61.89993,68.68026
167.8580436706543,69.04600715637207,60.65381,69.59382
168.00027465820312,68.62251472473145,61.376396,70.50907
168.24860763549805,67.44506645202637,60.53885,72.224594
168.65985679626465,65.65069770812988,61.04292,72.094185
169.05570030212402,64.28557014465332,61.51063,72.38477
169.51518630981445,63.49853706359863,62.184616,73.255714
169.08759117126465,62.42603874206543,61.68437,73.59584
169.92884826660156,60.36242485046387,61.051323,72.68492
170.68239974975586,57.90315818786621,60.480072,73.16434
171.28676986694336,55.7454776763916,60.89615,73.408165
171.29853630065918,54.16086769104004,61.10687,73.31921
173.01689529418945,52.41575050354004,60.92491,72.75741
175.34361267089844,51.49273490905762,60.09475,73.561264
177.27735710144043,50.274580001831055,59.62228,72.852066
178.05606842041016,50.34872627258301,58.824684,74.62882
179.92067527770996,49.84638023376465,58.709362,74.31317
179.46113967895508,49.126596450805664,59.448593,74.32494
179.94921875,48.78276252746582,59.12313,75.38438
180.21139335632324,48.86990547180176,59.944057,74.88581
181.0858097076416,47.08371543884277,58.85248,74.98874
180.50443267822266,47.20337104797363,60.395576,75.4585
181.2312469482422,48.2744083404541,60.03872,74.38744
180.36614418029785,48.66986274719238,60.99564,73.21296
179.2909278869629,48.91208457946777,61.526474,73.3331
178.29181480407715,49.13365364074707,61.0984,73.6323
178.0916576385498,50.141679763793945,61.08523,72.725655
175.5785789489746,50.49268913269043,60.778442,71.74788
172.6686191558838,51.20064353942871,61.619785,71.06015
169.52977561950684,51.70841407775879,61.82774,69.88485
165.9326000213623,52.32772254943848,62.043606,68.66433
163.44461631774902,52.65361213684082,62.12724,71.554115
160.76116561889648,53.07272148132324,62.873047,70.58766
158.5693244934082,53.01416206359863,64.41252,71.10758
156.71728897094727,52.21647834777832,65.75368,72.362465
155.18988418579102,51.67452430725098,66.2068,73.45458
155.17978286743164,51.394060134887695,66.77644,73.71558
155.12903594970703,51.14304161071777,66.511086,73.77484
155.78870010375977,50.90678596496582,66.46681,72.8133
155.68405151367188,50.403303146362305,66.29659,72.65541
156.18709564208984,49.803327560424805,66.51765,73.20949
156.05549240112305,49.38708305358887,66.32663,73.03279
156.9829444885254,48.58701515197754,66.10176,73.292656
157.21985244750977,47.867788314819336,65.6205,72.833405
