367.0,177.0,17,17
366.69207286834717,177.0337371826172,17.038897,16.850723
366.3733320236206,177.05885696411133,17.035662,17.079239
366.2705907821655,176.81924152374268,17.084017,16.982702
365.76577281951904,177.11405086517334,17.363413,17.156183
365.8595972061157,176.93857669830322,17.173895,17.319876
366.1267080307007,176.43411922454834,17.039034,17.221529
364.72488594055176,176.67195892333984,17.829205,17.477135
364.8275308609009,177.09749126434326,17.374166,17.522318
365.0138187408447,177.10591793060303,17.385212,17.510706
365.06249237060547,177.0143117904663,17.447754,17.588282
364.39210414886475,176.29261112213135,17.691332,17.724333
364.4597759246826,176.5993413925171,17.721493,17.774881
364.3687171936035,176.95432376861572,17.773155,17.893087
363.35564708709717,176.96770858764648,18.15465,17.737946
363.20450592041016,176.7312536239624,18.211082,17.986933
363.4138994216919,175.78482913970947,18.227713,18.290892
362.87536334991455,176.37373161315918,18.631796,18.47678
362.60283374786377,175.7243766784668,18.857908,18.304558
361.6980743408203,176.09647369384766,19.511948,18.345078
361.6060953140259,175.84207916259766,19.31201,18.549751
361.1665258407593,175.5986042022705,19.326952,18.592312
361.7016019821167,175.95520687103271,19.231585,18.959932
361.1582498550415,176.10424995422363,19.771528,18.858166
360.07159519195557,175.7700595855713,20.092375,18.794308
360.7743949890137,175.4043254852295,19.077965,19.00578
360.71545600891113,175.4368953704834,19.562222,19.170834
359.94135665893555,175.26767539978027,19.796555,18.946438
360.37747287750244,175.71238040924072,19.44515,19.28037
358.90342235565186,175.5414915084839,20.220041,19.090204
358.91757678985596,175.5066728591919,20.093664,19.232824
358.7477045059204,175.4496145248413,20.083975,19.550303
358.85528564453125,175.06266498565674,19.95166,19.407957
358.2604217529297,175.03252124786377,20.185997,19.555494
357.8351593017578,175.4170331954956,20.470581,19.651651
357.78852462768555,175.3020887374878,20.528511,19.70437
357.7596263885498,175.25288581848145,20.412754,19.809643
357.4770784378052,175.068097114563,20.377996,19.978872
357.06995010375977,174.79701328277588,20.201668,20.080244
357.35219287872314,174.60075759887695,20.256155,20.231194
357.4621887207031,174.40002918243408,20.251701,20.31204
356.9198064804077,174.55798530578613,20.393496,20.304546
356.2601480484009,174.58156871795654,20.286566,20.426805
356.39982318878174,174.8439064025879,20.28391,20.466705
356.233681678772,174.1146640777588,20.278532,20.404202
355.8960132598877,174.1190586090088,20.521412,20.750233
355.76219367980957,174.9108762741089,20.55811,20.465494
355.53588581085205,174.5841464996338,20.553526,20.83237
355.10564136505127,174.32264614105225,20.590864,20.976831
354.72593879699707,174.3694715499878,20.847134,21.222597
354.5854301452637,174.10004329681396,20.963608,21.133898
354.2711639404297,173.7562780380249,20.961823,21.154924
353.56613063812256,174.4409875869751,21.147394,21.168264
353.6332426071167,173.9601593017578,21.008112,21.402405
353.3985023498535,173.6631088256836,21.068848,21.293457
352.82025623321533,174.2306776046753,21.496428,21.438692
352.58813095092773,174.22102546691895,21.600052,21.722805
352.59108448028564,173.7707576751709,21.391623,21.689243
352.23572540283203,173.29809093475342,21.64907,21.855532
351.1965980529785,173.5232629776001,21.980087,21.80052
350.8506555557251,173.47280502319336,21.889662,21.999565
351.1534376144409,173.49716472625732,21.879572,22.038492
350.2450294494629,173.38364219665527,22.12587,22.131382
350.29761600494385,173.36425018310547,22.315123,22.389488
349.719744682312,172.92371273040771,22.387835,22.454927
349.7528467178345,172.43031692504883,22.267073,22.51123
349.1772403717041,172.97610473632812,22.877468,22.704025
348.72296142578125,172.57114601135254,22.807472,22.879528
347.9480285644531,172.15058517456055,22.754532,22.952347
347.36031436920166,172.5710916519165,23.371588,23.312925
346.89636421203613,172.30279541015625,23.02377,23.164238
347.5199604034424,172.37191677093506,23.458164,23.708109
347.1362714767456,172.73459815979004,23.474977,23.832256
346.4944591522217,171.7231044769287,23.381817,24.290836
345.59104919433594,172.57520866394043,24.035141,24.261837
345.34362602233887,171.4559850692749,23.598484,24.803644
345.0591764450073,171.77370262145996,24.265749,24.762066
344.72318172454834,171.798752784729,24.267435,25.050047
344.0137691497803,171.9005241394043,24.414646,25.14772
343.47926235198975,171.6365852355957,24.030237,25.195862
343.54470443725586,172.00437927246094,24.391754,24.99607
342.5811252593994,170.82433414459229,24.117695,25.622793
342.2835388183594,171.4962034225464,24.323364,25.501299
341.557110786438,170.94238376617432,24.53137,25.881353
340.89899349212646,171.20275402069092,24.814371,25.56981
340.864200592041,171.27861976623535,24.374786,25.74899
340.1922245025635,171.53747272491455,24.791073,25.680754
339.2723083496094,171.7056369781494,25.32302,25.85056
338.67383575439453,170.77439212799072,25.529762,26.228811
337.973482131958,171.379319190979,25.976833,26.307257
337.53018951416016,170.26779651641846,25.310905,26.941122
337.23276805877686,170.14648056030273,26.673449,27.30944
336.6767101287842,170.47877407073975,25.155376,27.361322
335.3390874862671,169.6776876449585,26.11947,27.488733
335.0273895263672,170.2197732925415,25.872581,27.037954
334.97541427612305,170.8030776977539,25.453186,27.287117
333.2304964065552,170.21665954589844,27.27522,27.476418
332.6942014694214,170.6244831085205,26.366114,27.721508
331.1775007247925,170.52874755859375,26.155352,28.214745
330.77278327941895,169.05028820037842,26.115627,29.014757
329.83437061309814,169.14267539978027,27.597448,29.930202
330.5547513961792,169.1829662322998,27.086794,30.02119
331.30753231048584,169.62539672851562,27.179667,29.84797
333.0350046157837,169.16168594360352,23.967512,29.251396
333.98601722717285,168.11189651489258,23.538425,30.313652
335.45937061309814,168.39261436462402,22.965742,29.611088
336.4263677597046,167.97064399719238,22.218157,29.953533
338.6009359359741,169.18041801452637,20.145494,28.263859
339.9879512786865,169.9369602203369,19.583073,28.357151
323.27485942840576,169.0503807067871,19.905725,22.046242
322.44841957092285,167.9436092376709,18.943913,29.732433
321.8491020202637,168.8317289352417,22.530067,30.629633
321.19603061676025,168.79887294769287,23.688963,30.98746
319.5436019897461,168.33110332489014,25.783867,31.038431
319.01363372802734,168.5305299758911,27.079353,31.623701
318.3710889816284,167.88397598266602,26.900621,31.629639
317.7179412841797,167.88917922973633,27.325615,32.074287
316.845965385437,167.73381233215332,27.621408,31.804821
314.99932765960693,167.18027305603027,28.324991,32.216297
314.4406900405884,167.38222122192383,28.690947,32.367676
313.08674812316895,167.40859985351562,29.68687,32.14933
312.9840440750122,167.46381378173828,29.591238,32.44941
311.6970109939575,166.98548316955566,29.391241,32.674526
311.77220916748047,167.47403717041016,28.724014,32.990738
309.8779125213623,167.41902351379395,29.549564,33.526356
309.12743282318115,167.4527072906494,29.123423,33.04935
307.87099838256836,166.7131290435791,28.95404,33.618526
306.8690719604492,166.3633804321289,29.29634,34.322243
305.9591016769409,166.27263259887695,29.647493,34.552673
304.55907821655273,165.89460372924805,30.13314,34.57808
303.7180881500244,165.9372787475586,31.219326,34.836723
303.2245922088623,166.13268089294434,31.133015,35.673748
301.920446395874,165.99898147583008,31.424625,35.73033
300.36299228668213,165.58259201049805,31.615187,35.563904
299.6496181488037,165.64957427978516,31.844395,36.340935
298.05762481689453,164.88769912719727,32.34369,36.515915
297.1771984100342,164.7147617340088,32.22855,36.821613
296.5459518432617,164.857177734375,32.275665,37.25892
295.3435707092285,164.60322189331055,32.494164,37.36006
293.90728759765625,164.1029109954834,32.750122,37.629208
292.89039611816406,164.20702934265137,33.589783,37.77229
291.1527099609375,163.88246154785156,34.07646,38.35694
290.04979133605957,163.67976760864258,34.87727,38.57164
288.9237976074219,163.21674728393555,35.329315,39.092712
286.8006591796875,162.47688484191895,35.77797,39.463306
285.6686420440674,163.03387641906738,35.83328,39.65415
283.87514877319336,162.52406883239746,36.5122,40.10809
282.5478210449219,162.75192832946777,36.874268,40.292355
281.7424774169922,162.4760684967041,36.37062,40.54317
280.785587310791,162.09671783447266,36.371696,41.40786
279.5140151977539,161.8776340484619,36.990463,41.9314
276.7956123352051,161.46644020080566,38.03141,42.525806
276.3242721557617,160.89776992797852,37.78279,42.86212
274.31104469299316,159.94914436340332,38.45956,43.59537
272.5640182495117,159.190336227417,38.948273,44.393215
271.1308059692383,160.10850715637207,39.261,44.32169
269.9012851715088,158.94025039672852,39.845364,44.939545
268.43099784851074,159.61680793762207,39.901524,44.37975
266.6213092803955,159.1062774658203,40.272427,45.150322
263.26537704467773,158.26133346557617,41.43438,46.08748
262.0160140991211,157.74727821350098,41.890396,47.31992
260.1387710571289,158.04725456237793,41.561234,47.827602
258.3239231109619,157.39112854003906,41.797268,48.097008
255.87320137023926,157.34393119812012,42.401836,48.509167
253.53638648986816,156.95488739013672,43.333416,49.446053
251.35446739196777,156.7761459350586,43.834858,49.834023
248.76014518737793,156.3853302001953,44.836582,50.234093
246.8744831085205,155.66312980651855,45.687283,50.408825
244.21349334716797,155.4597454071045,45.99881,51.362453
242.4550380706787,155.04189491271973,46.716328,52.075657
240.0016632080078,154.73752975463867,47.47957,52.14064
237.47676467895508,154.6389274597168,48.537575,53.052902
234.78041458129883,153.30533027648926,49.22883,54.33704
231.68845558166504,153.27054595947266,48.961864,54.874626
227.954740524292,153.83520889282227,50.633015,55.104095
224.8940258026123,152.92252349853516,51.838078,56.259575
222.4256362915039,152.7303409576416,52.103485,57.09113
219.82965850830078,152.3838062286377,53.25827,58.009785
217.0649013519287,152.37297439575195,52.96416,58.48465
212.67842292785645,150.83420372009277,53.951473,59.53648
208.5482177734375,150.372465133667,55.00139,60.3531
204.2421474456787,149.67198371887207,55.755497,61.12517
199.8539981842041,149.2912483215332,56.60493,61.98204
195.36834335327148,148.6962604522705,58.33851,62.782322
190.78267860412598,148.11151885986328,59.70886,64.037834
188.46212196350098,146.90036392211914,59.315334,65.635315
183.648832321167,146.72900772094727,60.98125,66.65123
179.01230430603027,145.41994857788086,62.55295,67.676056
175.0743865966797,145.1324234008789,63.364273,69.282265
170.1454086303711,144.29408264160156,65.125854,70.5588
162.3302230834961,142.91302108764648,67.26178,72.07202
157.25229263305664,141.79854583740234,68.12855,73.69245
151.37837600708008,140.7852668762207,70.1424,75.33388
146.58252334594727,140.35558700561523,70.80717,76.41327
139.37499618530273,138.86157989501953,73.727684,77.14405
133.3399314880371,137.65349960327148,75.14919,79.71649
125.77445983886719,136.27106094360352,77.34627,82.474655
119.18317413330078,135.23457717895508,77.60245,83.63652
113.4405403137207,134.7641830444336,77.8046,84.99262
104.74386215209961,132.90228271484375,80.44698,87.073326
97.85577774047852,133.09162139892578,80.9488,87.26197
90.17460632324219,130.39920806884766,81.913925,90.91294
81.488037109375,131.19923782348633,83.18965,90.978195
71.46591186523438,127.92571640014648,85.46504,94.47174
60.65160369873047,126.7299919128418,90.16269,96.817535
52.762020111083984,125.07603073120117,92.28234,100.05032
40.85768127441406,123.80211639404297,94.29906,102.36256
30.429439544677734,122.28372192382812,95.766624,105.51348
19.9466552734375,120.62877655029297,98.649185,107.56373
7.335777282714844,119.49028396606445,103.385956,109.76689
-1.6005172729492188,116.0294418334961,98.128235,112.43571
-3.170207977294922,114.29659652709961,87.03077,116.83859
-3.695850372314453,113.08627700805664,73.35375,120.142136
-4.904644012451172,111.91682052612305,65.488106,122.77603
-4.436515808105469,108.25815200805664,59.144012,121.50621
-5.128925323486328,103.90868377685547,56.071312,125.53184
-2.6869125366210938,140.54141998291016,66.57587,103.56272
-2.1647300720214844,160.7998161315918,75.3039,78.654755
2.651966094970703,147.85963821411133,72.70377,96.26463
30.248924255371094,149.4324073791504,79.390656,86.82036
50.21051788330078,148.47679901123047,74.34241,91.0937
