154.0,46.0,9,19
151.9010090827942,46.451351165771484,11.725825,17.404465
151.57470798492432,46.33286952972412,11.603674,17.466982
151.99662590026855,45.810301780700684,11.379105,17.56613
151.72067594528198,45.667832374572754,11.5151415,17.850992
151.6996612548828,44.94318389892578,11.768024,17.867687
151.10504579544067,45.442511558532715,12.05646,18.067064
150.93603420257568,45.34135055541992,12.089735,18.080269
150.7408585548401,45.01200771331787,12.071006,18.272581
150.4663324356079,44.627684593200684,12.1106205,18.363386
150.16061973571777,44.111392974853516,11.867439,18.405788
150.63628768920898,44.231550216674805,11.737194,18.255672
150.31276750564575,43.53818416595459,11.904902,18.544992
150.507417678833,43.23201274871826,11.785,18.597204
150.31142902374268,42.91383075714111,12.334787,18.69346
149.6421947479248,43.026878356933594,12.946621,19.083786
148.9547610282898,43.01453685760498,12.392571,19.283602
148.89714241027832,42.66176986694336,11.984142,19.39981
149.1951880455017,42.894039154052734,12.364495,19.429901
148.9461555480957,42.511366844177246,12.190449,19.538511
148.55465602874756,42.00900459289551,11.579542,19.839012
149.3546848297119,42.095295906066895,10.797195,19.87763
148.92819833755493,41.47473907470703,10.594958,19.975117
148.8023223876953,42.22992515563965,10.38459,20.074284
148.35211992263794,41.62782669067383,11.032794,20.61512
148.3985276222229,41.733224868774414,10.380984,20.542713
147.65115928649902,40.532949447631836,10.9135475,21.001228
146.823570728302,40.43886756896973,11.025321,20.723816
147.01542472839355,41.16726779937744,10.231335,20.480951
146.36132192611694,40.36512470245361,10.390267,20.72
146.3243064880371,39.974721908569336,10.36758,20.876057
146.2053165435791,40.314133644104004,10.219189,20.9593
146.55589962005615,39.89889049530029,10.014242,20.441477
145.85074424743652,39.456268310546875,10.08815,21.226349
146.15673160552979,39.50393486022949,10.87462,21.229504
146.32254123687744,39.00725746154785,10.248041,20.850292
146.017822265625,38.98502445220947,10,20.936834
145.41485404968262,38.8530797958374,10,21.008284
145.7171974182129,38.519229888916016,10,21.22762
145.61397552490234,38.54263114929199,10,21.414925
145.54566192626953,38.77500820159912,10,21.241175
145.46004486083984,39.02996253967285,10,21.049248
145.8722324371338,38.58852005004883,10,21.070168
146.2500286102295,38.41481304168701,10,20.716066
145.70677375793457,39.005144119262695,10,20.446281
145.60439109802246,38.41926574707031,10,20.78796
145.96359634399414,38.1539945602417,10,21.245653
145.64247512817383,37.711392402648926,10,20.937662
145.8341407775879,37.26337718963623,10,21.201086
145.38279724121094,37.15426158905029,10,21.160414
145.72870063781738,37.09010982513428,10,21.114004
145.44257164001465,37.18270397186279,10,21.507345
145.23936653137207,37.11991214752197,10,21.028868
144.60986518859863,37.0037956237793,10,21.41558
144.19776344299316,36.89725303649902,10,20.99585
144.1345329284668,37.115623474121094,10,20.863113
143.8357448577881,37.0565710067749,10,20.991774
144.05733680725098,36.8848295211792,10,20.730055
143.17772483825684,35.83699607849121,10,21.414906
143.21638298034668,36.04828643798828,10,20.541111
142.9675750732422,36.562100410461426,10,21.112822
142.97312927246094,35.79055690765381,10,20.7553
142.9874496459961,35.41525745391846,10,21.267897
142.49062156677246,35.79276180267334,10,21.162607
142.67166900634766,36.432358741760254,10,21.046377
142.24167823791504,35.915056228637695,10,21.523148
141.80392456054688,35.31007766723633,10,20.927101
141.5703945159912,35.4734992980957,10,21.89283
141.27938270568848,35.172268867492676,10,21.639215
140.78209114074707,35.858964920043945,10,21.619827
140.63123893737793,34.82600021362305,10,21.358654
140.38717079162598,34.845123291015625,10,21.233711
140.86359405517578,35.65037155151367,10,21.374947
140.45111083984375,35.716750144958496,10,20.703718
140.284086227417,34.73525524139404,10,20.976126
140.0842742919922,34.60992908477783,10,21.086622
139.7050552368164,34.28987693786621,10,21.074047
139.9531078338623,35.06060028076172,10,21.036339
140.0332851409912,34.58794593811035,10,20.882038
139.09272003173828,33.803606033325195,10,20.427982
139.2792911529541,34.73810577392578,10,19.938778
138.9643669128418,34.29786014556885,10,20.572374
138.7542381286621,33.46185493469238,10,20.664692
138.86584854125977,34.446593284606934,10,20.258863
138.48335075378418,33.177181243896484,10,20.828598
138.28847122192383,34.290682792663574,10,20.348372
138.25144577026367,34.29372596740723,10,20.6722
137.53258514404297,33.73900032043457,10,20.677814
137.48769760131836,33.199106216430664,10,20.403728
137.47251510620117,33.928256034851074,10,20.635687
137.00311851501465,32.994927406311035,10,20.818014
136.29352569580078,33.2850399017334,10,20.853294
136.16896629333496,32.90096378326416,10,21.2814
136.48317337036133,32.71617126464844,10,20.228626
136.38446617126465,32.49056148529053,10,20.879797
135.51887893676758,33.640780448913574,10,20.062204
135.30604362487793,32.767518043518066,10,20.505007
135.3299503326416,32.41510009765625,10,20.51997
135.17852973937988,31.868640899658203,10,20.786133
134.35484313964844,31.76533794403076,10,21.129744
134.58247756958008,32.12084197998047,10,21.37249
133.80596351623535,32.73963642120361,10,20.025724
134.25811958312988,32.35681343078613,10,20.704334
133.84976387023926,32.4342737197876,10,20.309256
133.68055152893066,32.255531311035156,10,19.90802
133.56958961486816,32.10615825653076,10,19.98472
133.35385131835938,32.06403827667236,10,19.753424
132.98188972473145,32.50054740905762,10,19.833641
133.3583927154541,31.801025390625,10,20.205421
133.18505096435547,31.20838165283203,10,20.296772
133.0192165374756,31.315465927124023,10,20.213501
132.8931713104248,31.520651817321777,10,19.993425
133.00788116455078,31.207417488098145,10,19.781939
132.14155387878418,30.20631217956543,10,20.134487
132.34958457946777,30.639716148376465,10,20.271147
132.43805313110352,30.173236846923828,10,20.075638
132.00860977172852,29.393272399902344,10,20.973614
131.568510055542,30.135913848876953,10,20.626202
131.83836555480957,29.71138286590576,10,20.217352
131.6843605041504,29.65410327911377,10,20.530954
131.4527530670166,29.6868953704834,10,20.412926
132.03592681884766,29.961809158325195,10,19.852108
131.1218147277832,30.517976760864258,10,19.650436
130.9912567138672,29.713961601257324,10,19.999731
131.6796112060547,29.968734741210938,10,20.147106
130.7760467529297,29.861040115356445,10,19.967522
131.15460586547852,29.659085273742676,10,20.538916
130.96350860595703,29.207823753356934,10,20.299074
130.57919883728027,29.51508617401123,10,20.212023
130.047513961792,28.151474952697754,10,20.671362
129.8749771118164,28.848658561706543,10,20.736727
130.21964836120605,28.388999938964844,10,20.202908
130.1722240447998,29.00729751586914,10,20.746979
129.4733180999756,28.338796615600586,10,20.3651
129.80374717712402,28.59159755706787,10,19.353403
129.2005844116211,28.678422927856445,10,19.71096
128.97993087768555,28.038622856140137,10,19.915926
129.51781845092773,28.757089614868164,10,19.617435
129.06762313842773,27.90475082397461,10,19.935478
128.59862518310547,28.397953987121582,10,19.764708
128.85292434692383,27.70086669921875,10,19.818176
129.0157413482666,27.9495267868042,10,19.869112
128.40363311767578,27.98336887359619,10,19.94621
128.61220932006836,28.013586044311523,10,19.998959
128.71941947937012,26.866637229919434,10,20.119322
128.5358371734619,27.24519443511963,10,19.897764
128.72717094421387,26.96684741973877,10,19.998018
128.8909206390381,27.988595008850098,10,19.519495
128.4932518005371,26.6837739944458,10,19.94596
128.63746452331543,27.41597080230713,10,19.322851
128.32078742980957,27.581445693969727,10,19.00039
128.26755714416504,26.053027153015137,10,19.873983
128.28289985656738,26.90091037750244,10,19.863424
128.0979461669922,26.58696460723877,10,19.514784
128.37169456481934,26.52484893798828,10,19.368492
128.46920204162598,26.42805290222168,10,19.005962
127.99624824523926,26.480831146240234,10,19.103909
127.8940544128418,25.606006622314453,10,19.647266
128.02466773986816,26.034173011779785,10,19.365019
127.71598052978516,25.36269760131836,10,19.657738
127.64188575744629,25.527098655700684,10,19.396841
127.02629089355469,25.422993659973145,10,19.518908
127.13896179199219,25.588829040527344,10,19.305256
127.00912284851074,25.726177215576172,10,19.278648
126.59729194641113,25.167838096618652,10,19.728094
126.48097610473633,24.66666603088379,10,19.33028
126.70327949523926,25.41243267059326,10,19.540228
125.60466384887695,26.031744956970215,10,18.6779
125.83231163024902,25.05288028717041,10,19.15325
125.44970321655273,24.532450675964355,10,19.226847
125.92163467407227,24.623632431030273,10,19.382511
125.29482841491699,24.407302856445312,10,19.793098
125.07801818847656,23.9970064163208,10,19.794935
124.60011672973633,24.57786464691162,10,19.843939
125.05436515808105,24.163890838623047,10,19.856735
124.46377372741699,23.533987045288086,10,20.18842
125.29769325256348,23.802985191345215,10,19.875402
124.54995918273926,24.090676307678223,10,20.486502
124.26705360412598,24.140738487243652,10,20.301706
124.82648849487305,24.066370964050293,10,20.122282
124.25226783752441,23.85122776031494,10,20.280989
124.5924301147461,23.761418342590332,10,19.85998
124.35712432861328,23.97886085510254,10,20.115776
124.65154075622559,23.87627410888672,10,19.724178
124.39809608459473,23.796034812927246,10,20.1527
124.71091270446777,24.02305507659912,10,19.176474
124.07668876647949,23.07770347595215,10,20.0121
123.89118957519531,23.00877285003662,10,20.04714
124.48986625671387,22.879337310791016,10,20.256569
124.7133960723877,23.347963333129883,10,19.982319
124.37879371643066,22.55906867980957,10,20.517895
124.52937316894531,22.409574508666992,10,20.305477
123.91891860961914,22.030202865600586,10,20.34166
124.32462501525879,22.854379653930664,10,19.846252
124.23316955566406,22.876261711120605,10,19.663565
124.05852508544922,22.75144386291504,10,19.511494
124.30351448059082,21.687381744384766,10,19.640686
124.20588493347168,21.97770118713379,10,19.637302
124.07577514648438,22.08209800720215,10,19.65654
123.90264320373535,22.07351779937744,10,19.697325
124.53997993469238,22.129621505737305,10,19.514404
123.88249969482422,21.577409744262695,10,19.549496
124.21243667602539,21.9682035446167,10,19.452662
124.38319969177246,21.777915000915527,10,18.716833
124.0920524597168,20.79399013519287,10,19.54445
124.28483009338379,20.819032669067383,10,19.326916
124.2619743347168,21.34309482574463,10,19.662569
123.5084342956543,20.905704498291016,10,19.452183
123.30858039855957,20.78348159790039,10,19.587933
123.59796333312988,20.785633087158203,10,19.405922
122.76170349121094,21.1610164642334,10,19.916248
123.35748291015625,20.203068733215332,10,19.995634
123.11758232116699,20.347450256347656,10,20.239273
123.32035827636719,21.1394681930542,10,19.862875
122.99612808227539,20.055809020996094,10,19.809994
123.52325057983398,21.047202110290527,10,19.403852
122.83354949951172,20.055034637451172,10,19.575878
123.13129234313965,20.053078651428223,10,19.56639
123.46402931213379,20.073261260986328,10,19.495434
123.96062660217285,19.994133949279785,10,19.596888
123.67230033874512,19.89184284210205,10,19.698652
123.8463191986084,20.14907455444336,10,20.325523
123.6801872253418,20.60367774963379,10,20.060051
124.0827751159668,20.451476097106934,10,19.790918
123.49590682983398,20.091604232788086,10,19.918354
124.18155479431152,20.12477684020996,10,19.826172
123.60267639160156,19.90146255493164,10,19.565998
123.54803085327148,20.114392280578613,10,19.383635
123.47898483276367,20.351008415222168,10,19.533682
124.0661678314209,20.45050621032715,10,19.44202
123.90974235534668,20.36886215209961,10,19.77404
123.85197067260742,20.080777168273926,10,19.462866
123.42631912231445,19.871792793273926,10,19.748919
123.31659698486328,20.46222496032715,10,19.476086
123.76287651062012,20.38601303100586,10,19.51598
123.27443313598633,20.056618690490723,10,19.803576
123.20449638366699,20.33785343170166,10,19.83758
122.8950023651123,20.082015991210938,10,19.486404
122.91496276855469,20.095653533935547,10,19.37394
122.80401802062988,20.045785903930664,10,19.502285
122.85034942626953,20.10676383972168,10,19.525574
122.7835636138916,20.25245475769043,10,19.509098
122.55050277709961,20.47153949737549,10,19.47991
122.21514701843262,20.70366096496582,10,19.50201
122.85767555236816,20.62093734741211,10,19.79623
122.97378730773926,20.19314670562744,10,19.833017
123.08070755004883,19.76425552368164,10,19.902554
121.73421287536621,20.196430206298828,10,20.071548
122.59110069274902,20.059897422790527,10,19.954168
122.6071548461914,19.796963691711426,10,19.94472
122.56686782836914,20.432466506958008,10,20.087696
122.77178192138672,20.29494571685791,10,19.912992
122.94932174682617,20.018763542175293,10,19.954103
122.74430274963379,20.647393226623535,10,19.891542
122.62561988830566,20.28909397125244,10,19.929739
122.35499572753906,19.99858856201172,10,19.92965
120.7520022392273,20.420247077941895,10.568498,20.306387
120.36072111129761,20.27517795562744,11.266591,20.326288
120.2239260673523,20.089940071105957,11.71243,20.573149
120.89798355102539,20.695197105407715,11.005878,20.178606
121.28282356262207,20.12510871887207,11.229729,20.325504
119.1788420677185,20.41250514984131,11.924203,20.685911
119.17693662643433,20.47691059112549,12.236585,20.650026
119.46853971481323,20.551304817199707,12.413449,20.567492
119.8486647605896,20.649781227111816,12.349122,20.521296
119.16874074935913,20.528464317321777,12.205026,20.81922
119.55575847625732,20.522348403930664,12.181501,20.699692
120.00579500198364,20.58194065093994,12.237666,20.85393
119.94817161560059,20.325392723083496,11.994553,20.658888
120.63693904876709,20.49154281616211,12.485952,20.765491
120.16796684265137,20.154443740844727,11.627762,20.964073
120.97832584381104,20.57071304321289,11.719858,20.69711
120.56555366516113,20.305476188659668,11.73867,20.934233
120.90113306045532,20.27665615081787,12.65969,21.397795
120.84333562850952,20.529030799865723,12.393044,21.324175
120.7835283279419,19.8205509185791,12.171312,21.320267
121.0828685760498,20.596908569335938,11.877007,21.084454
120.87293720245361,19.907694816589355,11.406214,20.980513
121.00550603866577,20.649230003356934,11.228822,21.16657
121.05290460586548,20.50313091278076,11.789771,21.310736
121.45997190475464,20.540990829467773,11.41052,21.03946
121.72910833358765,20.487518310546875,11.386041,21.176105
122.02539110183716,20.43323040008545,11.443561,21.24639
121.91840505599976,19.931682586669922,11.857339,21.220486
122.0125675201416,20.38323974609375,11.542099,21.475048
122.028076171875,20.047847747802734,11.90572,21.138058
122.2950873374939,20.53342342376709,11.872468,21.400381
122.02852010726929,20.544309616088867,12.024407,21.335014
121.78136730194092,20.645963668823242,12.471991,21.33519
121.36273097991943,20.224292755126953,12.28124,21.243732
121.23645734786987,20.248074531555176,12.732366,21.204966
122.09389305114746,21.003867149353027,12.638817,20.91358
122.15494155883789,20.95447540283203,13.207294,21.056393
121.60003471374512,20.673996925354004,13.016472,21.45717
121.91423559188843,20.792909622192383,13.118798,21.126091
122.45247077941895,20.76163101196289,13.152107,20.940937
121.90122890472412,20.292238235473633,13.150373,21.449013
121.82881784439087,19.64350128173828,13.328094,21.362919
121.9830002784729,19.926928520202637,13.510024,21.10835
122.33559274673462,20.127426147460938,13.5374975,21.177525
121.70364236831665,20.1888427734375,13.184424,21.567303
121.88333225250244,20.52330207824707,13.731279,21.394524
121.72454404830933,20.155622482299805,13.945073,21.655891
122.42869472503662,20.282838821411133,14.168715,21.706665
122.18994617462158,19.35729217529297,14.113329,21.73634
122.03644895553589,19.428665161132812,13.7300005,21.86597
123.35678625106812,19.577133178710938,13.33748,21.53648
122.31683254241943,19.357948303222656,13.267668,21.630016
124.24174928665161,19.18337631225586,12.170512,20.62846
122.90142011642456,19.347743034362793,12.807412,21.65582
123.37859535217285,19.425384521484375,12.734043,22.182499
122.93049097061157,19.121999740600586,12.802325,22.076393
122.49621725082397,18.70432758331299,12.820416,22.272455
122.31816339492798,18.915821075439453,13.052745,22.529827
122.94470882415771,18.734272003173828,12.88933,22.264805
122.99133777618408,18.820369720458984,12.933592,22.410572
122.83463096618652,18.95984172821045,12.981136,22.407866
122.64044761657715,19.068299293518066,13.138195,22.597612
122.20658683776855,18.527562141418457,13.099934,22.569078
122.95720386505127,19.278642654418945,12.5030575,21.168839
122.22933769226074,18.908130645751953,12.705059,21.741344
122.11585426330566,18.161141395568848,12.542103,21.609179
123.32952070236206,18.516535758972168,12.150079,19.119574
123.02648067474365,18.492436408996582,12.4112835,18.781347
123.01814126968384,18.11176109313965,12.199672,18.918728
122.8836898803711,17.63525676727295,12.149239,18.94523
122.57211494445801,18.19435691833496,12.064766,20.407177
122.09938716888428,18.354729652404785,12.297049,20.859213
123.16363573074341,17.7349271774292,11.926181,21.656382
122.80735349655151,17.468910217285156,12.21964,19.957634
122.57607555389404,18.549880981445312,12.01808,20.380684
122.19759225845337,17.669429779052734,12.248954,21.77906
122.4971284866333,17.933293342590332,12.328241,22.588545
122.7774019241333,17.611382484436035,12.643183,22.508612
122.76718616485596,17.969879150390625,12.639399,22.773933
122.84875822067261,18.46884822845459,12.848256,22.48047
122.95925045013428,17.73117446899414,12.891325,22.43467
123.42915391921997,17.906283378601074,13.0605955,22.406809
122.81115865707397,18.127622604370117,13.613069,22.352703
123.19848823547363,17.801569938659668,13.5164795,22.46461
123.69668102264404,17.471275329589844,13.62985,22.76265
122.75042486190796,17.90010643005371,13.561242,22.17809
123.47892379760742,18.80827522277832,13.740749,22.19244
123.41846323013306,18.693008422851562,13.708205,22.292183
123.55200910568237,18.762676239013672,13.607038,22.234863
124.00450372695923,18.884273529052734,13.561149,22.002258
124.46032047271729,19.037800788879395,13.59617,22.035124
124.37606859207153,17.96260166168213,13.546588,21.921026
124.98813533782959,18.609621047973633,13.294683,21.502476
124.78432035446167,18.545119285583496,13.555173,21.462503
124.91090869903564,18.561495780944824,13.507669,21.147226
126.2695837020874,18.375893592834473,12.562574,20.599897
127.4293475151062,18.106529235839844,11.054128,19.947609
128.857647895813,18.05546474456787,10.756029,19.598558
128.54802131652832,18.314470291137695,10.849968,19.853355
125.78753280639648,18.501222610473633,13.409359,20.84557
126.61039018630981,19.364575386047363,12.66167,19.552732
126.63438272476196,18.790729522705078,12.295707,20.350594
125.94405555725098,20.05870819091797,12.784752,19.916084
127.04089975357056,18.355804443359375,11.936637,20.291512
128.2362937927246,18.218655586242676,11.025852,20.107763
128.87086391448975,19.671452522277832,10.2438755,19.384176
125.64476490020752,23.551695823669434,11.502653,16.226595
125.79268074035645,22.642744064331055,11.232162,17.397099
127.15362501144409,21.01101779937744,11.618157,18.736254
126.87460041046143,22.035966873168945,11.589102,18.112656
129.3450174331665,19.4561185836792,11.149023,19.730135
127.4893684387207,20.312914848327637,12.929718,19.102877
126.96255588531494,23.135473251342773,12.131208,16.988728
129.90138483047485,19.929096221923828,10.712695,19.007019
130.01039457321167,19.822842597961426,10.552304,19.553251
127.50922393798828,22.875471115112305,10.960075,16.5845
127.20850706100464,24.15238380432129,10.071397,15.848053
129.17408752441406,22.13336944580078,10,17.43272
131.93335914611816,19.73417091369629,10,19.658108
132.37245178222656,19.507171630859375,10,19.883343
131.77595138549805,19.22161293029785,10,19.913189
132.1417407989502,19.275096893310547,10,19.820606
131.57564544677734,19.11407470703125,10,19.945091
132.11775970458984,19.386016845703125,10,19.728771
131.72558403015137,19.489739418029785,10,19.787436
132.4265842437744,19.944787979125977,10,19.484646
132.74300384521484,19.75517177581787,10,19.341204
132.28873252868652,20.04180335998535,10,19.975666
132.2793731689453,19.74501609802246,10,19.44384
132.85951232910156,20.520987510681152,10,19.37615
132.54177474975586,20.134316444396973,10,19.337275
132.2101345062256,19.91696548461914,10,19.109558
133.0442295074463,20.555723190307617,10,19.439255
132.89682006835938,20.42739772796631,10,19.378397
132.7047462463379,20.360339164733887,10,19.263327
132.485200881958,20.374048233032227,10,19.285938
133.55429077148438,20.16549301147461,10,19.364212
132.80492210388184,19.976323127746582,10,19.458776
132.67707633972168,20.039916038513184,10,19.150507
132.4623737335205,19.96734046936035,10,19.120838
133.43570137023926,19.54850959777832,10,19.497314
133.5521068572998,20.434667587280273,10,19.3516
132.81467628479004,20.34403896331787,10,19.295053
132.8526496887207,20.37158203125,10,19.098087
132.94285583496094,20.314745903015137,10,19.116583
133.00390243530273,20.1621036529541,10,19.134373
133.08955764770508,20.101613998413086,10,19.12167
133.22713088989258,20.073833465576172,10,19.070797
132.77073860168457,20.120586395263672,10,19.515839
132.99666023254395,20.244600296020508,10,19.26321
133.30500984191895,20.302802085876465,10,19.109423
133.50727462768555,20.275399208068848,10,19.062216
133.3133659362793,20.245583534240723,10,19.529062
133.54030799865723,20.408082008361816,10,19.108511
133.19506454467773,20.097131729125977,10,19.33348
133.42889595031738,20.215970993041992,10,19.189682
133.55859756469727,20.330730438232422,10,19.070698
133.33090782165527,20.49151611328125,10,19.267246
133.31085968017578,20.6227445602417,10,19.108206
133.24047088623047,20.69442844390869,10,19.057474
132.89955139160156,20.21387767791748,10,19.129095
132.86138534545898,20.145620346069336,10,19.187351
132.82670211791992,20.087361335754395,10,19.204863
132.6650791168213,20.069771766662598,10,19.163893
132.41872215270996,20.063194274902344,10,19.14566
133.18747329711914,20.166505813598633,10,18.898293
132.52039337158203,19.93729591369629,10,19.81028
132.70883750915527,20.63002872467041,10,19.576735
132.49387168884277,20.83720588684082,10,19.379185
133.2530345916748,20.12317943572998,10,19.381948
132.8674602508545,20.08505630493164,10,19.427406
132.50749588012695,20.20268154144287,10,19.231993
132.00840759277344,20.054914474487305,10,19.275738
132.4378490447998,19.931002616882324,10,19.295412
132.78602409362793,19.995774269104004,10,19.038507
132.70355606079102,20.36650848388672,10,19.227032
132.19852447509766,20.316109657287598,10,19.34997
132.63859367370605,20.2721529006958,10,19.140554
132.1505184173584,20.02132225036621,10,19.237865
132.4792537689209,20.3823881149292,10,18.719526
132.40130043029785,20.524761199951172,10,19.128014
132.78067207336426,20.6738862991333,10,18.847342
132.57956314086914,20.479700088500977,10,18.805698
132.50807762145996,20.721601486206055,10,19.07761
132.2899169921875,20.59187889099121,10,18.843025
132.08126068115234,20.275903701782227,10,18.815132
131.92689895629883,20.414974212646484,10,19.246819
132.14205932617188,20.437602996826172,10,19.091679
132.36808013916016,20.428945541381836,10,18.95654
132.30288124084473,20.46729564666748,10,19.386099
132.55275535583496,20.382980346679688,10,19.17369
132.0706386566162,20.049595832824707,10,19.364355
132.4308795928955,20.067163467407227,10,19.106495
132.68416023254395,19.783089637756348,10,19.197657
132.40267181396484,20.493579864501953,10,19.386333
132.7562770843506,20.38412380218506,10,19.226763
132.330171585083,19.888307571411133,10,19.593945
132.78779220581055,19.94443988800049,10,19.210203
132.41861724853516,19.666882514953613,10,19.29619
133.00380516052246,20.33776569366455,10,19.348196
132.594087600708,20.051291465759277,10,19.463987
132.21368217468262,19.94153881072998,10,19.486418
132.5576343536377,19.996649742126465,10,19.153337
132.1307258605957,19.76579189300537,10,19.248041
132.3410472869873,20.67831516265869,10,19.352205
132.4438018798828,21.016632080078125,10,18.98447
132.14585876464844,20.49377727508545,10,19.060698
131.69022750854492,20.101808547973633,10,19.119858
131.48767852783203,20.460649490356445,10.066635,18.938805
131.616304397583,21.151792526245117,10,19.183014
131.17712259292603,20.582036018371582,10.450992,19.078085
128.05138683319092,23.58780002593994,11.589174,16.348368
132.15522289276123,21.947969436645508,10.697916,18.276264
132.19262504577637,20.870680809020996,10.301174,18.77048
132.12362003326416,20.8032283782959,10.069422,18.835339
131.35180139541626,21.164031982421875,10.7222395,18.486858
130.59083938598633,22.288227081298828,11.325867,18.10646
128.5732398033142,24.047813415527344,11.900197,16.45126
131.4042272567749,22.599628448486328,11.029314,17.932796
130.64083671569824,22.494199752807617,11.599579,17.779572
131.2602562904358,22.487412452697754,11.766166,18.145033
132.35236120224,21.295175552368164,10.684789,18.903069
133.04962682724,21.17873764038086,10.12082,19.108631
133.10912799835205,20.798359870910645,10.088209,19.048311
133.38524436950684,21.114107131958008,10,19.382122
133.4764280319214,20.700084686279297,10.16958,19.204464
133.44500541687012,21.320039749145508,10,19.41576
133.62495803833008,21.08465576171875,10,19.08287
133.8749771118164,20.790810585021973,10,19.442991
133.87187576293945,20.253202438354492,10,19.407711
134.16484260559082,20.931633949279785,10,19.483908
134.14356803894043,20.422698974609375,10,19.41196
134.1533088684082,21.25834369659424,10,19.438745
133.7928981781006,20.920384407043457,10,19.215235
133.75492477416992,20.196441650390625,10,19.455723
133.83118438720703,20.912278175354004,10,19.38769
133.56311225891113,20.509531021118164,10,19.388592
133.81729316711426,21.252190589904785,10,19.313726
133.44920539855957,20.83238124847412,10,19.262922
133.65828132629395,20.890671730041504,10,19.53285
133.2627353668213,20.47328281402588,10,19.35872
133.41086196899414,20.78395366668701,10,19.304132
133.66068172454834,20.986438751220703,10.030603,19.361458
133.5217571258545,20.60636615753174,10,19.210463
133.6391372680664,21.11766815185547,10,19.47089
133.18255233764648,20.56363010406494,10.175388,19.49034
132.90368461608887,19.810471534729004,10,19.943312
131.82282829284668,20.13998031616211,10.933178,19.832882
127.26905345916748,19.846200942993164,14.155203,19.781666
131.34994792938232,20.508070945739746,10.767019,19.76909
128.89420986175537,20.47490119934082,11.725306,19.906128
131.427020072937,20.33925151824951,11.258211,19.53449
130.1879997253418,19.42928409576416,11.373665,20.031195
132.02144765853882,20.49724578857422,10.209065,19.647247
132.19488143920898,20.037165641784668,10,19.577753
133.0635871887207,20.222339630126953,10,19.508705
132.87773513793945,19.757038116455078,10,20.085651
133.1924877166748,20.14071559906006,10,19.642206
132.7611846923828,20.022907257080078,10,20.096527
133.0133056640625,19.708641052246094,10,19.464066
133.13854789733887,20.024353981018066,10,20.204317
133.38962745666504,20.11991024017334,10,19.695787
132.9953155517578,20.27553653717041,10,19.845373
133.76541709899902,20.07749652862549,10,19.42925
133.21164894104004,19.73015785217285,10,19.822227
133.1212272644043,20.2187557220459,10,19.577553
133.61720848083496,20.363096237182617,10,19.48679
133.46478462219238,20.90621280670166,10,19.041197
133.4148464202881,20.603099822998047,10,19.236229
133.88411903381348,20.68565845489502,10.022064,19.208761
133.99492263793945,21.185562133789062,10,19.030518
134.0694751739502,20.968664169311523,10,18.955639
133.70200538635254,20.912620544433594,10,18.876759
133.6706485748291,20.673873901367188,10.007057,18.785446
133.6943655014038,20.44077777862549,10.057989,18.770227
134.01653671264648,21.0069580078125,10,18.98402
133.89023065567017,20.90534782409668,10.209376,19.200191
134.0588026046753,20.33876323699951,10.251436,19.155104
133.87506580352783,20.518404006958008,10.787695,19.255478
134.16076517105103,20.43871021270752,10.202144,19.231619
134.10970067977905,20.724824905395508,10.671124,19.307209
134.40618515014648,20.930274963378906,10.422771,18.933075
134.37923622131348,21.559359550476074,10,18.767172
134.14305305480957,21.52301788330078,10,18.759777
133.97796869277954,21.4493350982666,10.065917,18.649773
133.85314083099365,21.292277336120605,10.01354,18.946127
133.87579345703125,21.030831336975098,10.239098,18.809908
133.89652585983276,20.45814800262451,10.27815,18.839518
133.7380871772766,20.51861000061035,10.162311,18.548973
134.0294017791748,20.896157264709473,10,18.483335
133.7777967453003,20.75591278076172,10.205091,18.574886
133.79978275299072,19.998790740966797,10.519217,18.674572
134.15401458740234,20.701950073242188,10,18.707191
133.72130918502808,19.963494300842285,10.70847,19.208284
134.41319227218628,20.704846382141113,10.252049,19.092962
134.7447543144226,21.479458808898926,10.545312,18.851961
135.1715269088745,21.572498321533203,10.592501,18.633495
134.65813207626343,20.617427825927734,10.56247,19.008572
134.71624994277954,21.29282283782959,10.452685,18.620043
132.8008222579956,19.763471603393555,10.476194,19.102062
131.04756689071655,18.326525688171387,10.374162,20.12121
131.91643381118774,19.96028709411621,11.093108,19.303394
129.5062484741211,15.220755577087402,10,21.169958
128.4504599571228,15.230374336242676,10.528741,21.39131
129.50704050064087,17.002758979797363,10.816222,19.828955
129.83174467086792,15.306474685668945,10.144708,21.74636
129.85428428649902,14.588680267333984,10.926044,21.662983
130.1388726234436,15.563950538635254,11.546435,21.463839
130.2433738708496,14.667905807495117,10,21.457428
130.12409210205078,15.606649398803711,10,20.215775
129.78801345825195,14.14141845703125,10,21.004925
129.91608047485352,14.409530639648438,10,21.32941
129.90145874023438,14.27277946472168,10,21.491844
130.05864715576172,14.31171703338623,10,21.2245
130.5122890472412,14.509613037109375,10,20.703613
130.30206871032715,14.482192039489746,10,21.189577
131.11149406433105,14.48355770111084,10,20.923471
130.7552661895752,14.577281951904297,10,21.652237
131.7683835029602,14.539910316467285,10.039996,20.858206
132.1682538986206,15.007369995117188,10.719332,21.56826
131.7960867881775,14.338669776916504,12.149304,22.966063
132.53657817840576,14.490155220031738,12.156084,23.097166
132.80006742477417,15.004024505615234,12.154695,24.163246
133.3381848335266,15.24788761138916,12.026763,24.381895
134.09389209747314,15.695775985717773,11.817175,24.480518
134.22572088241577,14.308747291564941,11.817433,25.690443
134.67083168029785,16.764785766601562,11.790775,23.75956
134.08183193206787,14.820984840393066,11.989054,25.05583
134.3794755935669,14.885841369628906,11.683065,25.284859
134.83559703826904,15.736628532409668,11.528574,24.77894
134.88001251220703,14.149593353271484,11.4757,26.40673
135.3156943321228,13.641770362854004,11.558171,26.767561
135.52580213546753,13.956151962280273,11.504884,26.496021
135.53757190704346,13.467763900756836,11.4948635,26.757679
136.17307472229004,14.546374320983887,11.364628,25.736887
136.51920223236084,14.409880638122559,11.121073,25.994387
135.99271059036255,13.987176895141602,11.3605795,26.45448
136.68017053604126,15.762727737426758,11.255694,24.634502
136.6660795211792,14.819507598876953,10.863779,25.242569
136.53589534759521,14.468538284301758,10.963114,26.081043
136.57238483428955,17.040096282958984,11.14485,23.97483
136.85570573806763,14.144244194030762,10.939689,25.996729
137.01899194717407,18.101506233215332,11.180835,22.802923
137.4900197982788,16.25044822692871,10.84186,25.067814
137.67459106445312,19.374079704284668,10.904129,22.244791
137.81626510620117,18.35585117340088,10.64286,23.396383
137.0638165473938,20.44770622253418,10.761725,20.775898
137.80505084991455,21.712303161621094,10.293509,19.66336
137.90104579925537,22.871344566345215,10.1642475,18.87451
137.7230281829834,22.188572883605957,10,19.00842
137.55345344543457,22.842591285705566,10,18.773409
137.24920082092285,22.086867332458496,10,19.20661
137.5189723968506,22.718945503234863,10,18.792059
137.13847160339355,20.97368335723877,10,20.269258
137.73850440979004,21.543903350830078,10,20.105976
137.39825105667114,21.478708267211914,10.169669,20.721283
137.11089706420898,21.69763946533203,10.592377,20.788807
137.57823848724365,21.82154083251953,10.421171,20.283989
137.26037311553955,21.828036308288574,10.940691,20.73915
137.15836191177368,21.42369842529297,11.093623,20.404827
136.69471311569214,21.210004806518555,11.222924,20.291454
137.509259223938,21.431370735168457,10.975935,20.713243
137.20806407928467,21.610746383666992,10.885485,20.746994
136.82422399520874,21.75254249572754,10.845532,20.929504
136.51479578018188,21.54240608215332,10.366618,20.51228
136.90373468399048,21.981830596923828,10.235309,20.2225
136.82137298583984,21.933727264404297,10.155209,20.31448
136.72731590270996,22.039134979248047,10,20.098457
137.002779006958,21.571358680725098,10,19.746817
136.35483503341675,21.749319076538086,10.342671,20.248951
136.4776153564453,21.919751167297363,10,19.848974
136.69985580444336,22.21798610687256,10,19.981348
136.9525260925293,21.738747596740723,10,19.618292
137.03980827331543,22.028579711914062,10,19.973804
136.40170049667358,21.88011646270752,10.139741,19.395456
137.29981422424316,21.54391574859619,10,19.807688
136.58291244506836,22.010836601257324,10.0902405,19.991827
136.81769371032715,21.469200134277344,10,19.768406
137.04499435424805,21.700894355773926,10,19.983694
136.42860984802246,22.164780616760254,10.188858,19.960398
136.28559970855713,22.11430835723877,10.037577,19.838003
136.62347412109375,21.549999237060547,10,19.900051
136.83075141906738,22.048136711120605,10,19.832659
137.01415824890137,22.61381244659424,10,19.84432
136.42425346374512,22.364941596984863,10,19.55277
137.20037651062012,22.27375888824463,10,19.427637
137.05161666870117,22.235074996948242,10,19.646507
136.47878742218018,21.890775680541992,10.007532,19.561268
137.2806339263916,21.75187110900879,10,19.667248
136.61081886291504,22.09238624572754,10,19.836376
136.8386344909668,21.561854362487793,10,19.835936
137.03621673583984,22.085495948791504,10,19.646845
136.36441040039062,22.333417892456055,10.017204,20.031467
136.65566635131836,21.91380500793457,10,19.738186
136.82272911071777,22.533514976501465,10,19.533327
136.66007804870605,22.39887237548828,10,19.627289
136.91579246520996,21.584046363830566,10,19.83254
137.11260604858398,22.087239265441895,10,19.580679
136.98448371887207,22.02064800262451,10,19.618418
137.27682304382324,22.120677947998047,10,19.865227
136.7754945755005,21.592634201049805,10.045664,19.952663
137.1604290008545,21.902188301086426,10,19.88851
136.76816415786743,22.092121124267578,10.07381,20.069141
136.84300994873047,21.88167381286621,10,20.039398
137.2314224243164,22.22535800933838,10,19.90407
136.81980323791504,21.543395042419434,10,20.050486
137.27002143859863,21.919986724853516,10,19.780151
136.92214965820312,22.037059783935547,10,20.126991
136.9615478515625,21.83589458465576,10,20.217669
136.92643928527832,21.641094207763672,10,20.165318
136.87330389022827,21.487030029296875,10.013341,19.959835
137.2921543121338,21.581721305847168,10,20.067167
136.87997722625732,21.560545921325684,10.210936,20.34772
136.88282012939453,21.34820556640625,10,20.089886
137.294038772583,21.668956756591797,10,19.910332
136.73929119110107,21.617024421691895,10.076578,20.454485
136.70869064331055,21.463476181030273,10,20.089024
137.11974716186523,21.654982566833496,10,20.012117
136.90479850769043,21.756174087524414,10,20.003899
137.58502006530762,21.793692588806152,10,20.157637
137.0657253265381,21.930460929870605,10,19.370077
137.49712562561035,20.926956176757812,10,20.376305
138.10933113098145,21.53764057159424,10,20.317583
137.85240364074707,21.392597198486328,10,19.710617
138.11350440979004,21.286526679992676,10,20.249079
137.87947845458984,21.658223152160645,10,20.632513
137.96038436889648,21.711125373840332,10,20.348063
137.7603359222412,21.407442092895508,10,20.158154
137.62963104248047,21.95297145843506,10,20.506845
137.44141387939453,22.193337440490723,10,19.55314
137.9642734527588,21.314520835876465,10,20.427694
137.83133125305176,21.174583435058594,10,19.93192
138.03481483459473,21.029653549194336,10,20.299515
138.07802391052246,21.51232147216797,10,20.237392
138.13794708251953,21.098505973815918,10,19.934004
137.9687042236328,21.17022132873535,10,20.23404
138.23224067687988,21.7452449798584,10,20.230991
138.47606658935547,21.278934478759766,10,20.111217
138.9429168701172,21.707097053527832,10,20.280642
138.60534286499023,21.378368377685547,10,20.017315
138.776611328125,21.284104347229004,10,20.393267
138.52117347717285,21.705673217773438,10,20.406162
138.20766067504883,21.245399475097656,10,20.131332
138.86435890197754,21.537569046020508,10,20.30365
138.52341079711914,21.010875701904297,10,20.133419
138.39990043640137,21.354480743408203,10,20.33957
139.05597686767578,20.709458351135254,10,20.127542
138.9228687286377,21.148550987243652,10,20.01655
139.28663635253906,21.156025886535645,10,20.067282
138.7747802734375,21.274904251098633,10,19.836712
139.3234462738037,21.17655086517334,10,20.117517
139.44572067260742,21.664660453796387,10,20.110304
139.50662231445312,21.15265941619873,10,20.056597
139.13091468811035,21.223429679870605,10,20.020563
138.75546836853027,21.34315299987793,10,19.975975
139.20608711242676,21.31960964202881,10,20.07961
138.8097915649414,21.3656005859375,10,20.011131
139.30743789672852,21.14644718170166,10,20.210886
139.5186653137207,21.576915740966797,10,20.190834
138.67570114135742,21.49700927734375,10,19.599346
139.14723014831543,21.14919662475586,10,20.035488
138.8294849395752,21.16441249847412,10,19.95016
139.33038902282715,20.98441791534424,10,20.06241
139.04644775390625,21.150468826293945,10,19.700603
138.81362915039062,21.210909843444824,10,19.655237
139.40347290039062,21.088173866271973,10,19.92681
139.05836486816406,21.19849395751953,10,19.743126
138.69076919555664,21.204666137695312,10,19.630371
139.2342529296875,21.043810844421387,10,19.82255
138.97054481506348,21.702667236328125,10,20.180553
139.03631782531738,21.58402442932129,10,19.486027
139.18224143981934,21.81163215637207,10,19.869953
138.85931205749512,22.004255294799805,10,19.563828
138.79960441589355,21.39719867706299,10,19.729284
139.16519737243652,21.45657730102539,10,19.67939
138.7765293121338,21.612299919128418,10,19.441973
138.81499099731445,21.84461212158203,10,19.773178
139.28517532348633,21.705232620239258,10,19.946163
138.8927001953125,22.08229923248291,10,19.420256
138.85708236694336,21.35420799255371,10,19.77261
139.30428504943848,21.236416816711426,10,19.882685
138.9077320098877,21.394070625305176,10,19.56629
138.9990005493164,21.69199848175049,10,19.814035
139.51248168945312,21.833932876586914,10,19.701412
139.18040084838867,21.82904052734375,10,19.760376
138.80416870117188,21.70040512084961,10,19.842754
139.4323844909668,21.81280517578125,10,19.875553
139.1151580810547,21.773834228515625,10,19.774258
138.7494125366211,21.492277145385742,10,19.901947
139.35867500305176,21.292558670043945,10,19.960014
138.91067123413086,21.1810302734375,10,19.638523
139.37003707885742,20.69650173187256,10,19.853262
138.95130348205566,21.18834686279297,10,20.09758
139.343599319458,20.921009063720703,10,19.827866
138.86874961853027,21.392471313476562,10,20.205444
138.75822067260742,21.56771755218506,10,20.125593
138.40619659423828,20.776278495788574,10,20.132086
138.8583106994629,20.67436695098877,10,20.404314
138.57968711853027,20.858649253845215,10,20.114359
138.31840133666992,21.13877296447754,10,20.22942
138.99549102783203,21.60896873474121,10,20.025635
139.45397758483887,21.90390110015869,10,19.574945
139.79673385620117,21.843326568603516,10,19.15118
139.09649276733398,22.524720191955566,10,19.027838
138.99604415893555,22.161540031433105,10,18.60686
139.15522813796997,22.517338752746582,10.320781,18.65996
139.0693769454956,23.924344062805176,10.212633,18.104868
139.15890550613403,23.981160163879395,10.344096,17.371607
139.44962549209595,24.991908073425293,10.080054,16.54009
139.48663806915283,24.7589750289917,10.223436,16.508806
139.90204000473022,24.69144058227539,10.666348,16.115318
139.58401775360107,26.379148960113525,10.427538,15.120868
139.5628366470337,26.664565086364746,11.227987,15.1991825
139.8944969177246,27.065112113952637,10.887238,14.886766
139.3481249809265,27.289231300354004,10.924104,14.586203
139.78094339370728,26.47050714492798,10.253345,15.183745
139.4888095855713,27.141096115112305,10.8666115,14.755207
140.43475675582886,27.295004844665527,10.254128,14.723967
140.3687539100647,28.244071006774902,10.058139,13.927717
140.16971588134766,28.229875564575195,10,13.668919
139.7204613685608,28.142744064331055,10.275313,13.487312
140.74785232543945,29.09774875640869,10.119358,13.113363
139.80479335784912,28.332878589630127,10.427183,13.492049
139.67526531219482,28.177066326141357,10.055037,13.442307
139.6156063079834,28.60133934020996,10.180214,13.142509
139.24366235733032,28.79107427597046,10.326053,13.234456
139.99243545532227,28.57835817337036,10.25367,13.123366
139.75091457366943,28.57681131362915,10.134974,13.420672
140.2009153366089,28.489086151123047,10.024809,13.466537
139.15638256072998,29.179726600646973,10.541227,13.2195
139.77041625976562,29.202125072479248,10,13.664014
139.92315673828125,28.59407901763916,10,13.411169
139.44833183288574,30.009382247924805,10,12.899147
139.4671401977539,29.348806858062744,10,13.3875265
139.35709190368652,29.457854747772217,10,13.187451
137.80851030349731,29.475343704223633,10.809131,13.3755455
136.18021726608276,29.4108943939209,11.647038,13.321522
135.99263429641724,28.674871921539307,11.201598,13.125632
135.17029762268066,29.46387767791748,11.178864,12.87705
135.89782285690308,29.39318084716797,10.506864,12.698818
134.79268980026245,29.321702003479004,12.094846,12.659063
134.64660787582397,29.648147106170654,12.001771,12.808034
133.10035371780396,28.70316171646118,12.999892,13.359221
132.17978382110596,29.339226722717285,13.286596,13.548506
132.69516324996948,28.627338886260986,12.778604,13.518092
131.3131628036499,29.246295928955078,13.081591,13.592857
130.8781909942627,27.822972297668457,12.096542,14.161165
129.8638458251953,28.187139987945557,11.988785,13.94757
129.86733388900757,27.889663696289062,11.258645,13.883446
129.4661421775818,27.496171951293945,10.943646,14.519108
127.98557758331299,27.25889301300049,11.381281,14.469423
128.31462287902832,27.72645330429077,11.189705,14.614911
127.39109706878662,26.356491088867188,11.830347,15.894588
126.4900951385498,26.671085357666016,11.573292,16.56266
126.57240581512451,26.08976936340332,11.234518,17.450504
125.55749464035034,26.901564598083496,10.868726,17.423956
125.28580570220947,25.795775413513184,10.128473,17.680593
124.55275535583496,26.396519660949707,10,17.968191
124.19646644592285,26.038803100585938,10,17.617348
123.36182880401611,25.634235382080078,10.066072,18.697365
122.84029626846313,25.85577392578125,10.393207,18.424522
121.99819421768188,24.776382446289062,10.690024,19.018913
121.48968315124512,24.569007873535156,11.122284,19.472092
120.73491430282593,24.370903968811035,11.134767,19.673391
120.32815837860107,24.14913558959961,11.408308,20.045464
119.99796104431152,24.657811164855957,11.040222,19.79214
119.28781318664551,24.359261512756348,10,20.219175
118.66267395019531,24.401813507080078,10,20.234436
116.73318672180176,23.36423683166504,10,20.590607
116.29879951477051,23.694096565246582,10,19.555758
116.22436714172363,23.982240676879883,10,20.884914
115.18025779724121,23.763883590698242,10,20.383202
115.19137001037598,23.765151977539062,10,20.366909
114.59161376953125,23.97427272796631,10,20.231161
113.55254030227661,24.31594181060791,10.032004,20.119238
112.67411851882935,24.632582664489746,10.519301,19.887396
112.80848789215088,24.206317901611328,10.6321125,19.53619
112.22891473770142,24.51237392425537,10.707923,19.713728
111.18958902359009,24.81970500946045,10.715472,19.635576
110.33136129379272,23.968554496765137,10.244439,19.822016
110.28634071350098,24.91220760345459,10,19.412966
109.61932182312012,23.91701889038086,10,19.588322
107.85185623168945,23.541916847229004,10,19.97563
107.83097839355469,23.831568717956543,10,19.94364
107.27826881408691,23.99718475341797,10,19.984268
106.45527839660645,23.968982696533203,10,20.133339
106.71631240844727,23.84345054626465,10,19.820946
106.03707313537598,24.077515602111816,10,19.752192
104.83353614807129,24.754581451416016,10,19.39077
104.97350311279297,24.605724334716797,10,19.382805
104.43217992782593,24.142695426940918,10.124867,19.850584
103.85237264633179,23.238271713256836,10.211232,19.867786
103.47421836853027,23.046972274780273,10,20.158237
102.42350387573242,23.41917324066162,10,20.000658
101.02151870727539,23.323771476745605,10,19.893538
100.10261154174805,23.196059226989746,10,19.651709
99.53154563903809,22.923114776611328,10,19.456352
98.90583992004395,22.93833351135254,10,19.643723
99.28941345214844,23.61845588684082,10,19.386951
98.89686584472656,23.435243606567383,10,19.884659
98.36957168579102,23.50900936126709,10,19.636972
97.52412414550781,23.17794132232666,10,19.988241
97.35639762878418,23.168654441833496,10,19.75709
96.90672492980957,22.78313636779785,10,20.123955
96.63350105285645,23.082221031188965,10,20.16628
95.79544258117676,23.392709732055664,10,20.08236
95.5816593170166,23.01300621032715,10.042191,20.039677
94.83595848083496,22.58744716644287,10,20.07522
94.38175582885742,23.182385444641113,10,18.945967
93.10757446289062,23.031126022338867,10,19.090424
92.67086601257324,22.57548236846924,10,19.366488
91.80686950683594,23.101550102233887,10,20.200724
91.23087120056152,23.364856719970703,10,20.069424
90.68547439575195,22.655001640319824,10,19.92121
90.54155349731445,22.821240425109863,10,19.118025
89.89639472961426,23.323551177978516,10,18.041985
89.726806640625,23.058128356933594,10.610077,21.272438
88.71547794342041,23.068610191345215,10.879332,20.47278
89.00310564041138,23.32835578918457,10.450118,19.429325
88.11035346984863,22.31005573272705,10.269497,20.678362
88.19606256484985,22.403444290161133,10.155589,20.720734
87.80069589614868,22.393731117248535,10.294932,20.741438
88.17358779907227,22.437445640563965,10.199104,19.81315
87.15996170043945,22.150029182434082,10,20.399778
86.78160095214844,22.306467056274414,10,19.476643
85.91798400878906,22.039508819580078,10,20.159668
85.62767601013184,22.455321311950684,10,20.363775
85.24247932434082,21.804241180419922,10,20.587841
85.29128837585449,22.711984634399414,10,19.851818
84.54346466064453,22.86641502380371,10,19.49693
83.76292610168457,22.42502784729004,10,19.35786
83.4876537322998,22.905033111572266,10,19.451939
83.65261554718018,22.63804531097412,10.027334,19.335356
82.34446907043457,23.504602432250977,10,19.060368
82.08715963363647,22.42921257019043,10.236413,19.501305
81.2894639968872,22.49798011779785,10.194075,19.873417
81.08930921554565,23.097397804260254,10.464692,19.482756
80.36609029769897,23.1610689163208,10.109754,19.44499
80.25845146179199,22.830781936645508,10,19.073208
78.953857421875,22.881640434265137,10,18.88465
78.91147994995117,22.740511894226074,10,18.972895
78.41161918640137,22.793343544006348,10,18.96963
77.57238960266113,23.079012870788574,10,18.563173
77.00755310058594,23.793635368347168,10,18.352674
77.00220680236816,23.631287574768066,10,18.33433
76.54668235778809,23.466800689697266,10,18.38398
75.62158346176147,23.388669967651367,10.012723,18.750084
75.8449559211731,23.821386337280273,10.244525,18.857346
75.19312191009521,23.877568244934082,10.091658,18.995054
74.9510440826416,23.88617706298828,10,19.077217
74.42952919006348,23.65996265411377,10,18.599546
72.92795753479004,24.10615825653076,10,18.678232
72.68265914916992,23.661808967590332,10,18.314276
71.43448638916016,23.525811195373535,10,18.38968
71.36668395996094,23.61136245727539,10,17.578094
70.54678344726562,23.728556632995605,10,17.926157
70.00799560546875,23.95017433166504,10,18.598621
69.25975608825684,23.583833694458008,10,19.199688
69.48880386352539,24.027350425720215,10,19.179499
69.4718189239502,24.0781307220459,10,18.83073
68.55954933166504,24.42245388031006,10,18.91326
68.12396430969238,25.038837432861328,10,18.741894
67.17449569702148,24.802845001220703,10,18.52037
67.49184608459473,24.94832992553711,10,18.155579
67.33379173278809,24.77904510498047,10,18.233871
66.68697929382324,24.54269790649414,10,18.247772
65.55838584899902,24.29902458190918,10,17.808632
65.30813980102539,24.289684295654297,10,17.999744
64.75967216491699,24.24971866607666,10,18.545774
64.17813301086426,23.939610481262207,10,18.960413
63.703582763671875,24.529727935791016,10,18.93486
63.828739166259766,25.029404640197754,10,18.981588
63.67822265625,24.768526077270508,10,18.704323
63.30652618408203,24.36305522918701,10,18.68802
62.63836097717285,24.904519081115723,10,18.890333
62.61991310119629,24.777437210083008,10,18.56673
61.58054733276367,24.900883674621582,10,18.537813
61.14152002334595,25.206339836120605,10.065291,18.368998
61.26515865325928,25.692079544067383,10.012358,18.29485
61.03187370300293,25.179553031921387,10,18.128305
60.116811752319336,25.462105751037598,10,18.240946
59.848148345947266,25.437820434570312,10,17.050838
59.742719650268555,26.03900718688965,10,17.793633
59.31336784362793,26.200654983520508,10,17.400341
59.135305404663086,25.948966026306152,10,17.2704
58.7245979309082,25.77659511566162,10,17.415735
57.89422416687012,26.743885040283203,10,17.605747
58.60654067993164,26.725051879882812,10,16.6549
57.692222595214844,25.894445419311523,10,17.563663
57.19456100463867,26.186424255371094,10,17.19152
57.41861343383789,26.82234001159668,10,16.3619
57.299848556518555,26.97677993774414,10,16.586494
56.71029090881348,27.59633445739746,10,16.233273
56.296321868896484,27.400553703308105,10,16.313822
56.65458679199219,27.38264560699463,10,16.14538
56.10537910461426,28.895144939422607,10,15.823686
55.516204833984375,28.889459133148193,10,15.882558
55.64058876037598,29.232001781463623,10,15.1988535
55.023406982421875,29.039682865142822,10,15.685119
54.655778884887695,29.842488765716553,10,15.543424
55.17282676696777,29.767807006835938,10,15.040943
54.913618087768555,29.771012783050537,10,15.411218
54.51547050476074,30.11844825744629,10,15.305153
53.51369857788086,29.112648487091064,10,15.772338
54.21257400512695,30.39314842224121,10,14.801575
53.237568855285645,29.54060983657837,10.2059,15.768172
53.02400588989258,29.14803695678711,10.15538,15.454685
53.019554138183594,29.86506414413452,10,15.242585
52.62243175506592,29.880998611450195,10.51383,15.276699
52.51785182952881,29.54617738723755,10.856012,15.191524
52.273090839385986,29.424033164978027,10.811332,15.52009
51.80909490585327,29.49276113510132,10.727403,15.483163
52.25167942047119,29.406694412231445,10.437151,15.640602
52.48158407211304,29.361236095428467,10.402188,15.614148
51.96839427947998,29.105258464813232,10.419138,15.276944
51.6832594871521,29.857481956481934,10.416539,15.282026
52.410274028778076,29.412871837615967,10.1064005,15.629537
51.84318256378174,29.31014060974121,10.188429,15.517624
52.3800106048584,28.91535234451294,10.106686,15.915992
52.094900131225586,29.936248779296875,10,15.898575
51.43222618103027,29.768832206726074,10,15.997488
51.90403938293457,29.465911865234375,10,16.264256
51.97737121582031,28.90442657470703,10,16.277748
52.106163024902344,29.029881477355957,10,16.438707
52.45484924316406,29.39194107055664,10,16.236519
53.06166648864746,28.992223739624023,10,16.022888
52.29559516906738,29.535823345184326,10,15.712659
52.509939193725586,29.81171417236328,10,15.705555
52.711605072021484,30.19124937057495,10,15.599648
52.86983871459961,30.574699878692627,10,15.621264
53.10421180725098,29.916889667510986,10,15.603503
52.21330451965332,30.278346061706543,10,15.795752
52.3947868347168,29.709218502044678,10,15.754228
52.51531410217285,30.18316125869751,10,15.951003
52.671709060668945,30.00900888442993,10,15.682296
52.72174072265625,30.596208572387695,10,15.839287
52.6762580871582,30.25227403640747,10,15.743754
52.46717643737793,29.812706470489502,10,15.827685
52.224008560180664,30.442975997924805,10,15.72094
52.04620933532715,29.988201141357422,10,15.766861
51.821067810058594,30.64572048187256,10,15.955133
52.45906734466553,30.415213108062744,10.092577,15.703139
51.882779598236084,30.06346893310547,10.520585,15.708488
52.004801750183105,30.208008289337158,10.461908,15.848933
52.067912578582764,30.8124680519104,10.52564,15.429763
51.84730100631714,30.82276487350464,10.540769,15.313237
51.580509185791016,31.29428720474243,10.575542,14.82051
52.32366466522217,31.49131488800049,10.036238,14.377317
52.98416709899902,31.892956256866455,10,14.083701
52.77932357788086,32.61960315704346,10,13.392305
52.40905952453613,33.400798320770264,10,13.42381
53.040611267089844,33.9317684173584,10,12.901215
51.6946325302124,34.324524879455566,10.323767,12.272593
52.79709243774414,34.46404981613159,10,12.621217
52.677846908569336,35.14356088638306,10.047585,12.289084
52.12689018249512,35.521628856658936,10,11.88273
52.1684513092041,35.35920858383179,10,11.697907
52.529714584350586,35.067631244659424,10,11.88449
53.04914665222168,34.889750480651855,10,11.928167
52.59629821777344,35.86387014389038,10,11.891305
53.2037239074707,36.07696580886841,10,11.81029
52.89164924621582,36.36858129501343,10,12.389123
53.22250747680664,35.20951700210571,10,12.792163
53.478233337402344,36.177531242370605,10,12.179625
53.77045249938965,36.23556852340698,10,12.297982
53.24142074584961,36.114203453063965,10,13.091688
53.57816505432129,35.70818090438843,10,13.521268
53.455955505371094,36.478421211242676,10,13.496271
53.7817325592041,36.33549737930298,10,14.476329
53.60721206665039,34.8569016456604,10,13.4397
53.53463363647461,35.20404863357544,10,13.258132
53.408145904541016,35.7430739402771,10,12.831971
53.45210838317871,35.28548192977905,10,12.860738
53.78551483154297,36.00005292892456,10,12.484906
53.59090232849121,35.77693176269531,10,12.340157
53.37387466430664,35.365299224853516,10,12.420685
53.96726989746094,34.9326958656311,10,12.0796
53.645225524902344,35.42534875869751,10,12.621047
53.757707595825195,35.54525327682495,10,12.465432
53.268226623535156,34.576030254364014,10,13.068601
53.88341522216797,35.02151107788086,10,12.46381
53.47237586975098,35.000977516174316,10,12.707003
53.626617431640625,34.08177328109741,10,12.827722
53.66362953186035,34.231045722961426,10,12.358774
53.16899108886719,34.28907346725464,10,13.041547
53.65709686279297,33.47567319869995,10,12.915196
53.63959884643555,34.03542995452881,10,12.778334
53.66299819946289,33.018309116363525,10,12.957072
53.53364562988281,32.50132751464844,10,13.693871
53.30290603637695,32.37492370605469,10,13.64262
53.02464294433594,31.89705467224121,10,13.721546
52.67177772521973,31.59432601928711,10,14.8682785
53.20040321350098,31.137800216674805,10,14.276966
53.4099063873291,31.746143341064453,10,14.673782
53.2102165222168,31.054277420043945,10,14.135849
53.41985321044922,31.593061447143555,10,14.41185
53.77548599243164,31.26265859603882,10,14.136277
53.33284568786621,31.835267066955566,10,14.490194
53.73793983459473,31.741480827331543,10,14.016653
53.84786796569824,31.658275604248047,10,14.763752
54.02473068237305,31.312005519866943,10,14.679597
53.01865577697754,32.460050106048584,10,14.202428
53.69005584716797,31.92936134338379,10,13.893379
53.674198150634766,32.79159069061279,10,14.200853
53.35851860046387,32.60240411758423,10,13.626864
53.30342483520508,32.93861150741577,10,13.828763
53.07461166381836,33.48509502410889,10,14.299463
53.19618606567383,33.0298957824707,10,13.104027
53.446523666381836,33.004966259002686,10,12.858735
53.18830871582031,33.67338562011719,10,13.110378
53.18942451477051,34.347190856933594,10,12.223423
53.141178131103516,34.720715045928955,10,12.292701
53.02260208129883,34.22020626068115,10,12.379915
53.036882400512695,34.63981819152832,10,12.538521
52.59930229187012,34.70090293884277,10,12.526108
53.12640571594238,34.940303325653076,10,12.183927
53.10504341125488,34.44380331039429,10,12.441487
53.109031677246094,34.19339895248413,10,12.31022
53.0745964050293,34.65075397491455,10,12.697603
52.426937103271484,35.0662579536438,10,12.847922
52.739166259765625,34.15606355667114,10,13.022368
52.54898452758789,34.125452518463135,10,12.415309
52.48069381713867,34.54967260360718,10,12.661641
52.91534996032715,34.750168323516846,10,12.102084
52.791107177734375,33.764352321624756,10,12.431642
52.71340751647949,33.93169546127319,10,12.63321
52.96995162963867,33.95055961608887,10,12.249401
52.83822822570801,34.20690965652466,10,12.458037
52.55165672302246,34.6087908744812,10,12.420796
52.30887794494629,34.021958351135254,10,12.066488
53.02615737915039,34.096620082855225,10,12.405503
53.05093574523926,34.040504932403564,10,12.656795
52.72018623352051,33.33051681518555,10,13.070267
52.884056091308594,33.072142601013184,10,12.8361
53.56144905090332,33.306886196136475,10,13.211293
52.926225662231445,32.91607046127319,10,13.958985
53.838186264038086,33.23019313812256,10,13.108816
53.53824424743652,32.21220016479492,10,14.329262
53.03287696838379,32.511723041534424,10,14.6143675
53.19046211242676,32.61586380004883,10,13.993843
53.73115348815918,32.46410083770752,10,13.913233
54.45419502258301,32.23904085159302,10,14.047191
54.876909255981445,32.311373233795166,10,14.524287
54.465694427490234,31.463003158569336,10,14.896023
55.02935218811035,32.21014738082886,10,14.528508
54.67911911010742,31.617384910583496,10,14.709078
56.0214900970459,32.11276865005493,10,14.63066
54.92800521850586,31.539451599121094,10,14.14521
55.60283660888672,31.27685022354126,10,14.315124
55.884254455566406,31.89342164993286,10,14.314643
55.77935218811035,31.198755264282227,10,14.597046
56.627777099609375,31.485530853271484,10,14.173138
56.18071365356445,30.31856107711792,10,15.068852
56.689592361450195,31.535828590393066,10,13.520647
57.36914253234863,30.88029670715332,10,14.0784
57.630577087402344,30.7243390083313,10,14.452758
57.68018913269043,30.101229190826416,10,15.343474
57.63701057434082,30.086531162261963,10,14.938613
58.99360179901123,30.221261024475098,10.044207,14.775755
58.3886604309082,29.918644905090332,10,15.100382
59.61719512939453,30.285001754760742,10,15.0230255
59.9115514755249,29.66253089904785,10.167788,15.474052
60.877119064331055,29.126386642456055,10,15.632168
61.1845064163208,29.172462463378906,10.623457,16.015121
61.43562889099121,28.32905673980713,10,16.213182
62.11544322967529,28.513139724731445,10.516314,16.445572
62.4305419921875,28.22416400909424,10,16.322645
63.589561462402344,28.40195655822754,10,16.41243
63.23098182678223,27.242751121520996,10,16.756376
64.16441917419434,27.575068473815918,10,16.593927
64.61442184448242,27.035279273986816,10,17.634111
65.38594818115234,27.362485885620117,10,17.107773
66.10605239868164,25.911818504333496,10,18.280153
66.67153358459473,26.41779136657715,10,18.080425
66.72991561889648,26.14682102203369,10,18.619852
67.76066589355469,25.30882167816162,10,19.132853
67.97881889343262,25.002346992492676,10,19.110144
68.73248052597046,24.660374641418457,10.0734415,18.933695
69.38775444030762,24.626173973083496,10,19.030588
69.92353057861328,24.31425189971924,10,19.215044
70.61520385742188,24.6608247756958,10,18.741472
71.20267677307129,23.89230442047119,10,18.727385
71.34142875671387,23.762839317321777,10,18.966726
71.99228477478027,23.61842155456543,10,19.396729
72.81328010559082,24.063749313354492,10,19.104443
73.29991340637207,23.279579162597656,10,19.363098
74.59708404541016,23.7081356048584,10,19.517494
74.65178871154785,24.181056022644043,10,19.541903
75.05103588104248,23.991419792175293,10.25762,19.238352
75.91972208023071,23.546643257141113,10.207618,19.261068
76.38916778564453,24.4669189453125,10.27536,18.63963
77.01256561279297,24.515942573547363,10,18.151857
77.77006721496582,23.607857704162598,10,18.271364
78.47933197021484,23.382429122924805,10,18.78101
79.62074279785156,23.97250270843506,10,18.717287
80.38089370727539,23.06242561340332,10,18.971405
80.66830825805664,23.090157508850098,10,19.377966
81.07309532165527,22.25635528564453,10,19.755283
81.83245277404785,22.85815715789795,10,19.105844
82.62789726257324,23.34050464630127,10,19.222406
83.0126838684082,23.697603225708008,10,18.526783
83.68914604187012,23.368597984313965,10,18.72822
84.49593353271484,25.214767456054688,10,17.446842
85.31289863586426,23.239819526672363,10,18.886557
85.34459114074707,23.34481906890869,10.744835,18.784895
85.58817863464355,22.309951782226562,11.13599,19.795265
86.54176092147827,23.23980140686035,10.645474,19.258892
88.15966796875,22.358323097229004,10,20.634024
88.13157844543457,21.8198184967041,10,21.239525
89.02776908874512,21.80918788909912,10,19.84366
89.18270111083984,21.092628479003906,10,21.108723
89.8209342956543,21.423768043518066,10,19.098993
90.54028701782227,21.259150505065918,10,18.68178
91.36278533935547,21.475985527038574,10,18.822496
92.32618713378906,21.783252716064453,10,19.138687
93.52736282348633,22.10999870300293,10,19.130169
93.27961921691895,21.25815486907959,10,19.061464
94.04863357543945,21.61123561859131,10,19.421366
94.86569404602051,21.753158569335938,10,19.20459
95.21746635437012,21.796245574951172,10,18.876705
95.5232162475586,21.000181198120117,10,19.101734
95.80030822753906,20.831068992614746,10,18.878183
96.98212814331055,21.076923370361328,10,18.881142
97.75509452819824,21.12013053894043,10,19.05582
98.17162704467773,20.82479953765869,10,19.307497
98.73908424377441,21.11903953552246,10,19.318447
98.80398750305176,20.421804428100586,10,19.21133
99.4828109741211,20.388319969177246,10,19.490496
101.09060287475586,20.55506992340088,10,19.51702
101.45133209228516,20.734174728393555,10,19.713985
101.93632507324219,20.72563076019287,10,19.427603
102.4199161529541,20.872150421142578,10,19.639347
102.9310417175293,20.827670097351074,10,19.220968
103.37060928344727,20.80668354034424,10.081352,19.53148
103.73322868347168,20.869914054870605,10,19.163862
104.10944938659668,20.637239456176758,10,19.592892
104.98298835754395,20.68931770324707,10,19.3605
105.30941390991211,20.734946250915527,10,19.153742
106.09563064575195,20.60135269165039,10,19.150616
106.41943168640137,20.328749656677246,10,19.505594
107.22332954406738,19.96901035308838,10,20.158724
107.68342590332031,19.988173484802246,10,19.853632
108.35853385925293,20.188197135925293,10,20.271414
109.5012149810791,20.27281951904297,10,20.269894
109.20694732666016,20.4663143157959,10,20.209995
110.44321250915527,19.969904899597168,10,19.685244
110.55792808532715,20.506195068359375,10,19.922752
111.10220146179199,20.449487686157227,10,19.496132
111.4178695678711,20.601802825927734,10,19.692192
111.58568954467773,20.53873634338379,10,19.464443
111.73839378356934,20.711994171142578,10,19.517128
112.41464042663574,20.662002563476562,10,19.469345
113.56122016906738,20.45911979675293,10,19.426125
